[1] 0.4764278
[1] 0.5491383
[1] 0.4905559
[1] 0.4924946
[1] 0.6048216
[1] 0.5606565
[1] 0.4818725
[1] 0.6501312
[1] 0.5596579
[1] 0.5591716
[1] 0.5620335
[1] 0.486532
[1] 0.642245
[1] 0.4769271
[1] 0.5118044
[1] 0.504005
[1] 0.4953812
[1] 0.4915613
[1] 0.6347565
[1] 0.5116493
[1] 0.5028303
[1] 0.4908234
[1] 0.485943
[1] 0.6209804
[1] 0.4621753
[1] 0.4884541
[1] 0.4971471
[1] 0.4780826
[1] 0.5679894
[1] 0.5640608
[1] 0.5554871
[1] 0.5068508
[1] 0.555684
[1] 0.5108796
[1] 0.4860203
[1] 0.4905823
[1] 0.4898858
[1] 0.4847175
[1] 0.4986881
[1] 0.5255811
[1] 0.4953268
[1] 0.5025692
[1] 0.5273735
[1] 0.4796708
[1] 0.4789189
[1] 0.5583827
[1] 0.468528
[1] 0.4954561
[1] 0.4857611
[1] 0.505886
[1] 0.4883094
[1] 0.4813934
[1] 0.5800868
[1] 0.4906831
[1] 0.527836
[1] 0.4968706
[1] 0.5341246
[1] 0.5364582
[1] 0.4935471
[1] 0.4723171
[1] 0.4941678
[1] 0.4871991
[1] 0.4775595
[1] 0.5774649
[1] 0.4630901
[1] 0.4705991
[1] 0.5090117
[1] 0.4915422
[1] 0.5202488
[1] 0.4942676
[1] 0.4774387
[1] 0.4806609
[1] 0.5763173
[1] 0.5067712
[1] 0.4761707
[1] 0.531352
[1] 0.4722842
[1] 0.4721798
[1] 0.4508438
[1] 0.4891993
[1] 0.4673319
[1] 0.4830948
[1] 0.4833391
[1] 0.5320475
[1] 0.5805082
[1] 0.4715762
[1] 0.5362141
[1] 0.468533
[1] 0.5271003
[1] 0.55298
[1] 0.4756042
[1] 0.4846375
[1] 0.4894801
[1] 0.4843362
[1] 0.5422122
[1] 0.5446842
[1] 0.4885142
[1] 0.4848973
[1] 0.5274271
[1] 0.6345592
[1] 0.4877525
[1] 0.4710603
[1] 0.4951873
[1] 0.4780032
[1] 0.5100968
[1] 0.5209063
[1] 0.486142
[1] 0.4901441
[1] 0.4875674
[1] 0.4982871
[1] 0.5496653
[1] 0.4893674
[1] 0.5300589
[1] 0.4899745
[1] 0.492423
[1] 0.5291694
[1] 0.4793971
[1] 0.4990471
[1] 0.4836725
[1] 0.4939663
[1] 0.5466251
[1] 0.455333
[1] 0.5754109
[1] 0.4868839
[1] 0.580418
[1] 0.476285
[1] 0.4860993
[1] 0.5118525
[1] 0.5544986
[1] 0.4885456
[1] 0.4907233
[1] 0.5953326
[1] 0.496183
[1] 0.5829514
[1] 0.6392746
[1] 0.5144486
[1] 0.5562116
[1] 0.4832403
[1] 0.4798085
[1] 0.4932568
[1] 0.4790209
[1] 0.5482777
[1] 0.516386
[1] 0.4608321
[1] 0.5036367
[1] 0.4859724
[1] 0.4786793
[1] 0.4875743
[1] 0.5012425
[1] 0.5769417
[1] 0.5585715
[1] 0.5294641
[1] 0.5485355
[1] 0.4919582
[1] 0.5392562
[1] 0.5305371
[1] 0.4722146
[1] 0.498143
[1] 0.4971287
[1] 0.5572726
[1] 0.4734734
[1] 0.4927674
[1] 0.4875622
[1] 0.5721867
[1] 0.4858762
[1] 0.4693418
[1] 0.5738554
[1] 0.506137
[1] 0.4688399
[1] 0.4793348
[1] 0.482168
[1] 0.4876288
[1] 0.5185111
[1] 0.6172266
[1] 0.4959975
[1] 0.5831876
[1] 0.5289367
[1] 0.5452345
[1] 0.4988107
[1] 0.4831183
[1] 0.6264198
[1] 0.5109537
[1] 0.4635237
[1] 0.4778589
[1] 0.5538609
[1] 0.5549364
[1] 0.4933732
[1] 0.4688027
[1] 0.4703816
[1] 0.4714652
[1] 0.4890946
[1] 0.4978822
[1] 0.4698904
[1] 0.4747644
[1] 0.5396684
[1] 0.515508
[1] 0.5006767
[1] 0.5465535
[1] 0.5023081
[1] 0.4818968
[1] 0.5428192
[1] 0.5581109
[1] 0.4787398
[1] 0.4984011
[1] 0.4892837
[1] 0.4849694
[1] 0.5081665
[1] 0.5057526
[1] 0.5772377
[1] 0.5752527
[1] 0.6308478
[1] 0.4924569
[1] 0.5203051
[1] 0.4931131
[1] 0.5347942
[1] 0.5282433
[1] 0.4750821
[1] 0.5487805
[1] 0.5145787
[1] 0.4850191
[1] 0.4788836
[1] 0.5559409
[1] 0.5852966
[1] 0.5016783
[1] 0.4992364
[1] 0.5592069
[1] 0.498264
[1] 0.4911243
[1] 0.523387
[1] 0.5184476
[1] 0.5565305
[1] 0.5406524
[1] 0.4944584
[1] 0.4955075
[1] 0.4844734
[1] 0.5975809
[1] 0.491482
[1] 0.5651486
[1] 0.471286
[1] 0.5187082
[1] 0.5787561
[1] 0.5862702
[1] 0.5574366
[1] 0.5333333
[1] 0.4798451
[1] 0.4832866
[1] 0.4929058
[1] 0.5558767
[1] 0.4570225
[1] 0.4786805
[1] 0.4843139
[1] 0.5793566
[1] 0.477837
[1] 0.4812839
[1] 0.485115
[1] 0.4958482
[1] 0.4748909
[1] 0.4870246
[1] 0.4739865
[1] 0.4834179
[1] 0.4744285
[1] 0.5037616
[1] 0.5066514
[1] 0.4697075
[1] 0.4969641
[1] 0.4600593
[1] 0.5066061
[1] 0.5017286
[1] 0.4831625
[1] 0.5087098
[1] 0.5925816
[1] 0.4918971
[1] 0.5095768
[1] 0.4847287
[1] 0.4796509
[1] 0.4944176
[1] 0.5620494
[1] 0.4855702
[1] 0.6427608
[1] 0.475543
[1] 0.4694506
[1] 0.5169037
[1] 0.5048187
[1] 0.4794677
[1] 0.5828605
[1] 0.4866291
[1] 0.4794073
[1] 0.4807707
[1] 0.4827592
[1] 0.4924333
[1] 0.481486
[1] 0.4922607
[1] 0.5088414
[1] 0.4768152
[1] 0.5454063
[1] 0.4858873
[1] 0.4806522
[1] 0.4956485
[1] 0.5062626
[1] 0.5265733
[1] 0.4729681
[1] 0.5787153
[1] 0.4821803
[1] 0.5228753
[1] 0.496192
[1] 0.5339023
[1] 0.5897115
[1] 0.4994915
[1] 0.5196587
[1] 0.5695198
[1] 0.4640882
[1] 0.4933117
[1] 0.4928322
[1] 0.6031387
[1] 0.4916607
[1] 0.5280268
[1] 0.4828249
[1] 0.5087237
[1] 0.4856454
[1] 0.5059504
[1] 0.5209869
[1] 0.4860741
[1] 0.6339555
[1] 0.5776152
[1] 0.488972
[1] 0.495531
[1] 0.608658
[1] 0.4808986
[1] 0.5038291
[1] 0.4823032
[1] 0.5164225
[1] 0.4742457
[1] 0.5180651
[1] 0.4939278
[1] 0.5286285
[1] 0.5589144
[1] 0.5977548
[1] 0.4894188
[1] 0.4908184
[1] 0.4693233
[1] 0.4819062
[1] 0.4831605
[1] 0.5300137
[1] 0.5444586
[1] 0.4816847
[1] 0.591068
[1] 0.4894639
[1] 0.4955118
[1] 0.5623457
[1] 0.4906628
[1] 0.4879689
[1] 0.4723023
[1] 0.5053754
[1] 0.519532
[1] 0.5103944
[1] 0.5106073
[1] 0.5319317
[1] 0.5601578
[1] 0.5457084
[1] 0.493545
[1] 0.4846969
[1] 0.4895068
[1] 0.4825797
[1] 0.4960356
[1] 0.4743202
[1] 0.5026127
[1] 0.5205424
[1] 0.5043947
[1] 0.5088932
[1] 0.4807457
[1] 0.5010328
[1] 0.527786
[1] 0.5489582
[1] 0.5004235
[1] 0.4827063
[1] 0.4882016
[1] 0.5008477
[1] 0.5264715
[1] 0.5033129
[1] 0.5711852
[1] 0.5074132
[1] 0.5679239
[1] 0.5316557
[1] 0.4948262
[1] 0.5590473
[1] 0.5328212
[1] 0.4842427
[1] 0.5946254
[1] 0.4890534
[1] 0.5307434
[1] 0.483897
[1] 0.5772966
[1] 0.5322924
[1] 0.5019328
[1] 0.4950734
[1] 0.5028092
[1] 0.548406
[1] 0.6055953
[1] 0.4920528
[1] 0.4891808
[1] 0.5499083
[1] 0.4699892
[1] 0.5335714
[1] 0.4834647
[1] 0.6022803
[1] 0.6480702
[1] 0.4993723
[1] 0.5013751
[1] 0.5564753
[1] 0.5337073
[1] 0.4922342
[1] 0.4835829
[1] 0.5335585
[1] 0.4830875
[1] 0.4797678
[1] 0.5500887
[1] 0.4824332
[1] 0.4946964
[1] 0.5477061
[1] 0.4901965
[1] 0.4790721
[1] 0.5614187
[1] 0.5716128
[1] 0.4822622
[1] 0.6029896
[1] 0.5479367
[1] 0.5078426
[1] 0.584363
[1] 0.4907485
[1] 0.4958003
[1] 0.501217
[1] 0.6044626
[1] 0.4838144
[1] 0.5069329
[1] 0.4744147
[1] 0.4951213
[1] 0.4891394
[1] 0.5845931
[1] 0.4771982
[1] 0.4868278
[1] 0.5512226
[1] 0.519968
[1] 0.583535
[1] 0.5136012
[1] 0.5764438
[1] 0.4747561
[1] 0.4631664
[1] 0.5564545
[1] 0.4836986
[1] 0.5589089
[1] 0.4720714
[1] 0.5267619
[1] 0.5045801
[1] 0.5088854
[1] 0.6320066
[1] 0.4858427
[1] 0.552354
[1] 0.5689758
[1] 0.5283483
[1] 0.4851723
[1] 0.4932261
[1] 0.533715
[1] 0.4764851
[1] 0.5168246
[1] 0.4644029
[1] 0.4975055
[1] 0.5808006
[1] 0.6410605
[1] 0.5015436
[1] 0.4847431
[1] 0.4863482
[1] 0.5164115
[1] 0.5137609
[1] 0.4821276
[1] 0.4935013
[1] 0.5201561
[1] 0.458113
[1] 0.4725518
[1] 0.499367
[1] 0.4974909
[1] 0.4779192
[1] 0.4764002
[1] 0.4681094
[1] 0.4849902
[1] 0.4911862
[1] 0.4780403
[1] 0.5557672
[1] 0.4785859
[1] 0.4860232
[1] 0.540229
[1] 0.5289113
[1] 0.5339552
[1] 0.4788673
[1] 0.5409067
[1] 0.5114335
[1] 0.4730541
[1] 0.4964495
[1] 0.464607
[1] 0.4688436
[1] 0.5493923
[1] 0.5888687
[1] 0.4992167
[1] 0.4977298
[1] 0.491727
[1] 0.5611837
[1] 0.5124958
[1] 0.5138365
[1] 0.5821293
[1] 0.5456659
[1] 0.4912433
[1] 0.498302
[1] 0.4993964
[1] 0.484894
[1] 0.4848602
[1] 0.513381
[1] 0.5536229
[1] 0.4824482
[1] 0.521033
[1] 0.5448168
[1] 0.4805205
[1] 0.4881819
[1] 0.4865937
[1] 0.4961574
[1] 0.469643
[1] 0.4790147
[1] 0.4766203
[1] 0.4931427
[1] 0.5383165
[1] 0.5276082
[1] 0.6128649
[1] 0.4915406
[1] 0.4731442
[1] 0.5064455
[1] 0.5229497
[1] 0.5394263
[1] 0.4882979
[1] 0.4890835
[1] 0.5817212
[1] 0.5075005
[1] 0.4844264
[1] 0.4810247
[1] 0.5400743
[1] 0.4702887
[1] 0.4843109
[1] 0.5929211
[1] 0.5805597
[1] 0.5624424
[1] 0.4788488
[1] 0.6365831
[1] 0.4896321
[1] 0.5613834
[1] 0.5086724
[1] 0.5610926
[1] 0.5892455
[1] 0.5473615
[1] 0.4862546
[1] 0.4859451
[1] 0.483996
[1] 0.4891603
[1] 0.4880184
[1] 0.6257488
[1] 0.478593
[1] 0.6142129
[1] 0.5388193
[1] 0.4810149
[1] 0.6523451
[1] 0.5948529
[1] 0.5558451
[1] 0.4816992
[1] 0.5234086
[1] 0.4663156
[1] 0.4909534
[1] 0.4804167
[1] 0.4871292
[1] 0.549476
[1] 0.5425873
[1] 0.5089004
[1] 0.4937174
[1] 0.4962054
[1] 0.4868463
[1] 0.5266773
[1] 0.4737842
[1] 0.5030583
[1] 0.5045706
[1] 0.5387759
[1] 0.4907371
[1] 0.5155919
[1] 0.5063657
[1] 0.4914666
[1] 0.5654089
[1] 0.4783218
[1] 0.4815497
[1] 0.5520464
[1] 0.6066666
[1] 0.4940126
[1] 0.4664662
[1] 0.4882936
[1] 0.4657034
[1] 0.4879622
[1] 0.4808765
[1] 0.4890634
[1] 0.4863568
[1] 0.491584
[1] 0.47226
[1] 0.4836364
[1] 0.5325749
[1] 0.5317068
[1] 0.4975265
[1] 0.463845
[1] 0.4772325
[1] 0.5667414
[1] 0.5416589
[1] 0.4963097
[1] 0.4845157
[1] 0.5518061
[1] 0.5495447
[1] 0.4877944
[1] 0.505007
[1] 0.4779874
[1] 0.5284809
[1] 0.4699351
[1] 0.4788044
[1] 0.4990297
[1] 0.4669593
[1] 0.4847037
[1] 0.4871361
[1] 0.5669087
[1] 0.4913846
[1] 0.4882057
[1] 0.4947197
[1] 0.4824051
[1] 0.588959
[1] 0.5075203
[1] 0.5389036
[1] 0.56079
[1] 0.481629
[1] 0.5615438
[1] 0.478611
[1] 0.4796228
[1] 0.4962338
[1] 0.5218679
[1] 0.5299371
[1] 0.5472942
[1] 0.49945
[1] 0.4874703
[1] 0.5257326
[1] 0.4720567
[1] 0.5592171
[1] 0.5049014
[1] 0.5498176
[1] 0.4951706
[1] 0.4751217
[1] 0.4767135
[1] 0.5622446
[1] 0.493551
[1] 0.5238025
[1] 0.5889972
[1] 0.5115703
[1] 0.4853994
[1] 0.4950182
[1] 0.4610177
[1] 0.475375
[1] 0.5083625
[1] 0.5141457
[1] 0.5101929
[1] 0.5511767
[1] 0.5227776
[1] 0.4896296
[1] 0.510296
[1] 0.567763
[1] 0.4832516
[1] 0.4958256
[1] 0.5059335
[1] 0.5003215
[1] 0.4778348
[1] 0.5618119
[1] 0.5283845
[1] 0.4920459
[1] 0.4518998
[1] 0.4850426
[1] 0.5202639
[1] 0.4832099
[1] 0.4716832
[1] 0.4768003
[1] 0.5905183
[1] 0.4761514
[1] 0.5766201
[1] 0.5169225
[1] 0.4750777
[1] 0.4859191
[1] 0.4945378
[1] 0.4786922
[1] 0.5044994
[1] 0.5056386
[1] 0.6091552
[1] 0.4735701
[1] 0.4897564
[1] 0.5323348
[1] 0.490457
[1] 0.6340953
[1] 0.4987163
[1] 0.5352673
[1] 0.517712
[1] 0.5268103
[1] 0.5306801
[1] 0.5257028
[1] 0.4908615
[1] 0.5180792
[1] 0.4807283
[1] 0.4964857
[1] 0.5177787
[1] 0.4843251
[1] 0.4805075
[1] 0.5629037
[1] 0.5643723
[1] 0.5595693
[1] 0.5271563
[1] 0.4746694
[1] 0.5375348
[1] 0.5646999
[1] 0.5497532
[1] 0.5500015
[1] 0.5230466
[1] 0.5055659
[1] 0.5564113
[1] 0.4842835
[1] 0.4790828
[1] 0.5184816
[1] 0.5669206
[1] 0.4702164
[1] 0.4956694
[1] 0.496444
[1] 0.5056596
[1] 0.4932161
[1] 0.5329847
[1] 0.4911734
[1] 0.4688216
[1] 0.5802061
[1] 0.4938643
[1] 0.4924337
[1] 0.4967325
[1] 0.4847763
[1] 0.5590819
[1] 0.475001
[1] 0.562963
[1] 0.5490813
[1] 0.5052518
[1] 0.5518062
[1] 0.5500029
[1] 0.4873055
[1] 0.4811986
[1] 0.501791
[1] 0.4862045
[1] 0.4912699
[1] 0.5731602
[1] 0.4471204
[1] 0.5939475
[1] 0.5168
[1] 0.4626147
[1] 0.4909502
[1] 0.4891468
[1] 0.5378425
[1] 0.4956291
[1] 0.4773829
[1] 0.4974357
[1] 0.4903739
[1] 0.512943
[1] 0.5069227
[1] 0.5525434
[1] 0.5367832
[1] 0.5410221
[1] 0.529685
[1] 0.5724324
[1] 0.4729069
[1] 0.4774167
[1] 0.484659
[1] 0.4977595
[1] 0.5296734
[1] 0.4946218
[1] 0.4797956
[1] 0.486301
[1] 0.6300997
[1] 0.559286
[1] 0.4963422
[1] 0.4945985
[1] 0.4782643
[1] 0.6366544
[1] 0.5549491
[1] 0.5016717
[1] 0.5022351
[1] 0.5914609
[1] 0.4805295
[1] 0.472816
[1] 0.4891212
[1] 0.4614838
[1] 0.5506012
[1] 0.631728
[1] 0.4770217
[1] 0.4828066
[1] 0.4714728
[1] 0.6134068
[1] 0.4665936
[1] 0.5467504
[1] 0.4841139
[1] 0.502965
[1] 0.4745855
[1] 0.5830378
[1] 0.5303286
[1] 0.5100402
[1] 0.5054829
[1] 0.5184998
[1] 0.5874872
[1] 0.4789005
[1] 0.4689193
[1] 0.4921605
[1] 0.5694647
[1] 0.4810293
[1] 0.64808
[1] 0.4980585
[1] 0.4857744
[1] 0.5092181
[1] 0.5235172
[1] 0.6236618
[1] 0.5201305
[1] 0.5616723
[1] 0.5276671
[1] 0.5440261
[1] 0.5744055
[1] 0.4680914
[1] 0.4872435
[1] 0.4969642
[1] 0.4773704
[1] 0.4960542
[1] 0.4819761
[1] 0.5289365
[1] 0.4991086
[1] 0.4834722
[1] 0.4698435
[1] 0.4822476
[1] 0.4931861
[1] 0.4639628
[1] 0.6007377
[1] 0.4783633
[1] 0.4903401
[1] 0.4998779
[1] 0.4653862
[1] 0.5450953
[1] 0.5404148
[1] 0.5584321
[1] 0.5365288
[1] 0.5513171
[1] 0.5645486
[1] 0.5257254
[1] 0.5586613
[1] 0.5135621
[1] 0.5891305
[1] 0.5001488
[1] 0.4972354
[1] 0.5590784
[1] 0.5048816
[1] 0.4742374
[1] 0.4913135
[1] 0.6427696
[1] 0.4666319
[1] 0.4823892
[1] 0.4875581
[1] 0.5839091
[1] 0.5438041
[1] 0.5315281
[1] 0.5159866
[1] 0.4747327
[1] 0.4783775
[1] 0.4999261
[1] 0.5218964
[1] 0.4868369
[1] 0.496246
[1] 0.4860112
[1] 0.4720991
[1] 0.5773678
[1] 0.4815083
[1] 0.491719
[1] 0.4852134
[1] 0.508373
[1] 0.5622656
[1] 0.4826248
[1] 0.4733292
[1] 0.4821261
[1] 0.5031441
[1] 0.5280547
[1] 0.5416332
[1] 0.4726225
[1] 0.5975772
[1] 0.5614367
[1] 0.4871585
[1] 0.4975972
[1] 0.478304
[1] 0.4975818
[1] 0.5030561
[1] 0.5279456
[1] 0.4892387
[1] 0.4825068
[1] 0.4998181
[1] 0.4829265
[1] 0.6123715
[1] 0.5587309
[1] 0.4913606
[1] 0.496535
[1] 0.6320695
[1] 0.582696
[1] 0.5893117
[1] 0.5110287
[1] 0.5194693
[1] 0.4847416
[1] 0.5464722
[1] 0.5464029
[1] 0.5596114
[1] 0.5272646
[1] 0.4839862
[1] 0.5707845
[1] 0.6195193
[1] 0.646925
[1] 0.6389508
[1] 0.5176931
[1] 0.5522212
[1] 0.4818473
[1] 0.5244892
[1] 0.4876645
[1] 0.5541672
[1] 0.4865669
[1] 0.4761278
[1] 0.5084318
[1] 0.640117
[1] 0.5041212
[1] 0.4827992
[1] 0.5065442
[1] 0.4708615
[1] 0.4750282
[1] 0.5225475
[1] 0.4781491
[1] 0.5287747
[1] 0.5642063
[1] 0.4709064
[1] 0.4946937
[1] 0.6352692
[1] 0.4851872
[1] 0.5000941
[1] 0.5220935
[1] 0.5046627
[1] 0.4909354
[1] 0.55192
[1] 0.4787858
[1] 0.5821677
[1] 0.4951431
[1] 0.5858983
[1] 0.4955808
[1] 0.5281413
[1] 0.6425509
[1] 0.5819111
[1] 0.4805509
[1] 0.5077208
[1] 0.4440306
[1] 0.4853688
[1] 0.6191592
[1] 0.5122999
[1] 0.5556627
[1] 0.4919238
[1] 0.4868307
[1] 0.484691
[1] 0.4908606
[1] 0.519307
[1] 0.471034
[1] 0.4946595
[1] 0.4951184
[1] 0.539228
[1] 0.5340232
[1] 0.4907316
[1] 0.5903254
[1] 0.544308
[1] 0.5484098
[1] 0.5852596
[1] 0.5577139
[1] 0.5129937
[1] 0.5170961
[1] 0.562037
[1] 0.475844
[1] 0.551127
[1] 0.5544845
[1] 0.5937907
[1] 0.5119163
[1] 0.5050242
[1] 0.5214435
[1] 0.50135
[1] 0.6240289
[1] 0.4824454
[1] 0.4621211
[1] 0.4935445
[1] 0.5031311
[1] 0.485116
[1] 0.5137962
[1] 0.475699
[1] 0.5026736
[1] 0.5655613
[1] 0.5440854
[1] 0.5012651
[1] 0.4913576
[1] 0.4941296
[1] 0.5502734
[1] 0.530596
[1] 0.4981093
[1] 0.4997785
[1] 0.5516739
[1] 0.4845075
[1] 0.524705
[1] 0.5113388
[1] 0.5166028
[1] 0.5048323
[1] 0.5495288
[1] 0.5022161
[1] 0.4838338
[1] 0.4853199
[1] 0.5148961
[1] 0.4762297
[1] 0.4915689
[1] 0.5177664
[1] 0.4884276
[1] 0.4917426
[1] 0.6019197
[1] 0.5031218
[1] 0.5620798
[1] 0.502525
[1] 0.5359161
[1] 0.4843941
[1] 0.4879435
[1] 0.4951501
[1] 0.6230292
[1] 0.5718522
[1] 0.4801347
[1] 0.5300288
[1] 0.5276364
[1] 0.5066506
[1] 0.517305
[1] 0.5086526
[1] 0.5008563
[1] 0.4889374
[1] 0.4925562
[1] 0.5142251
[1] 0.4901281
[1] 0.4827129
[1] 0.4887019
[1] 0.4831717
[1] 0.4768472
[1] 0.5063937
[1] 0.5251659
[1] 0.4867254
[1] 0.5234771
[1] 0.5006166
[1] 0.501295
[1] 0.6107181
[1] 0.5370193
[1] 0.5042509
[1] 0.4801467
[1] 0.4558263
[1] 0.5222231
[1] 0.4915304
[1] 0.5636855
[1] 0.5640478
[1] 0.6121154
[1] 0.610297
[1] 0.4902943
[1] 0.5207656
[1] 0.4957202
[1] 0.5107961
[1] 0.4931542
[1] 0.5648734
[1] 0.5335483
[1] 0.471573
[1] 0.6125551
[1] 0.4792728
[1] 0.5194114
[1] 0.4768745
[1] 0.4890817
[1] 0.6149337
[1] 0.5572009
[1] 0.5786716
[1] 0.5660892
[1] 0.5805848
[1] 0.5080999
[1] 0.4754669
[1] 0.515076
[1] 0.5005228
[1] 0.4811473
[1] 0.5677082
[1] 0.5000466
[1] 0.5049786
[1] 0.4910281
[1] 0.538882
[1] 0.4797056
[1] 0.4666092
[1] 0.6379065
[1] 0.5147862
[1] 0.4899712
[1] 0.4719283
[1] 0.5781457
[1] 0.5682421
[1] 0.5054537
[1] 0.4848356
[1] 0.4814099
[1] 0.4995344
[1] 0.5142199
[1] 0.5449614
[1] 0.4939604
[1] 0.5532855
[1] 0.4982755
[1] 0.4741606
[1] 0.5732435
[1] 0.4880202
[1] 0.503393
[1] 0.5537507
[1] 0.4814332
[1] 0.4939138
[1] 0.5043703
[1] 0.4840753
[1] 0.5534283
[1] 0.4828384
[1] 0.5349553
[1] 0.4630454
[1] 0.5662345
[1] 0.5039965
[1] 0.4788974
[1] 0.4955012
[1] 0.4839018
[1] 0.5132761
[1] 0.6429163
[1] 0.4906941
[1] 0.4791504
[1] 0.4946147
[1] 0.5661544
[1] 0.4996958
[1] 0.4750875
[1] 0.4982651
[1] 0.5084977
[1] 0.4891216
[1] 0.5178498
[1] 0.4905658
[1] 0.4960411
[1] 0.5234921
[1] 0.4863125
[1] 0.5941958
[1] 0.5420757
[1] 0.524225
[1] 0.5531182
[1] 0.4950244
[1] 0.5366454
[1] 0.4828605
[1] 0.4868402
[1] 0.4831921
[1] 0.4883987
[1] 0.5239714
[1] 0.4834381
[1] 0.5853961
[1] 0.4911061
[1] 0.4815791
[1] 0.5710927
[1] 0.4749346
[1] 0.4937785
[1] 0.4840607
[1] 0.476693
[1] 0.5638304
[1] 0.613447
[1] 0.6252872
[1] 0.5151329
[1] 0.4903103
[1] 0.5444115
[1] 0.5716347
[1] 0.5001497
[1] 0.5179169
[1] 0.5540574
[1] 0.4859741
[1] 0.5318756
[1] 0.5318981
[1] 0.5711485
[1] 0.6434215
[1] 0.477762
[1] 0.4927267
[1] 0.5014043
[1] 0.4987373
[1] 0.4716483
[1] 0.4807829
[1] 0.4635096
[1] 0.5880966
[1] 0.4858758
[1] 0.4897441
[1] 0.5122856
[1] 0.4453209
[1] 0.5499948
[1] 0.4814549
[1] 0.4811159
[1] 0.5078995
[1] 0.4852227
[1] 0.4594367
[1] 0.4796101
[1] 0.4934927
[1] 0.5022498
[1] 0.4752832
[1] 0.4941786
[1] 0.4845538
[1] 0.4876525
[1] 0.4870361
[1] 0.4813752
[1] 0.5257708
[1] 0.4883728
[1] 0.4749537
[1] 0.4890053
[1] 0.4823389
[1] 0.4669335
[1] 0.5296206
[1] 0.5137698
[1] 0.4723533
[1] 0.4755428
[1] 0.4864884
[1] 0.5195893
[1] 0.5877734
[1] 0.4788684
[1] 0.566102
[1] 0.5007741
[1] 0.4760156
[1] 0.475413
[1] 0.4907207
[1] 0.481375
[1] 0.4925329
[1] 0.4861088
[1] 0.4662821
[1] 0.5903844
[1] 0.5167955
[1] 0.4702998
[1] 0.4824738
[1] 0.4709965
[1] 0.5222671
[1] 0.4881873
[1] 0.4950815
[1] 0.5512984
[1] 0.5655236
[1] 0.4930157
[1] 0.4937204
[1] 0.4910957
[1] 0.4832298
[1] 0.5382159
[1] 0.4929981
[1] 0.5474946
[1] 0.4647031
[1] 0.4966084
[1] 0.495176
[1] 0.5568431
[1] 0.5149312
[1] 0.4608989
[1] 0.4974909
[1] 0.4822718
[1] 0.5657146
[1] 0.4872321
[1] 0.4877662
[1] 0.499127
[1] 0.4876345
[1] 0.4803828
[1] 0.4872789
[1] 0.5621922
[1] 0.5511436
[1] 0.4774204
[1] 0.6066453
[1] 0.4738621
[1] 0.535818
[1] 0.4807953
[1] 0.591544
[1] 0.4700018
[1] 0.4545157
[1] 0.4768515
[1] 0.5301421
[1] 0.5986261
[1] 0.4988857
[1] 0.4950482
[1] 0.4922051
[1] 0.5075997
[1] 0.5346826
[1] 0.601093
[1] 0.4875859
[1] 0.5348671
[1] 0.5798116
[1] 0.4904688
[1] 0.4937662
[1] 0.4889539
[1] 0.4909246
[1] 0.4815995
[1] 0.463313
[1] 0.5112515
[1] 0.4753923
[1] 0.5271479
[1] 0.6335726
[1] 0.4747576
[1] 0.4860993
[1] 0.5257818
[1] 0.5600166
[1] 0.523412
[1] 0.5678167
[1] 0.4825437
[1] 0.4981754
[1] 0.5042599
[1] 0.4747971
[1] 0.511077
[1] 0.4957234
[1] 0.4853338
[1] 0.6396346
[1] 0.5466893
[1] 0.5519985
[1] 0.5151766
[1] 0.5776858
[1] 0.4796347
[1] 0.5359515
[1] 0.478872
[1] 0.4807975
[1] 0.5554386
[1] 0.6200219
[1] 0.4925502
[1] 0.4990784
[1] 0.4864747
[1] 0.4806573
[1] 0.5572645
[1] 0.5373544
[1] 0.4835577
[1] 0.5040363
[1] 0.5337969
[1] 0.5056973
[1] 0.4791305
[1] 0.5195085
[1] 0.594528
[1] 0.5004183
[1] 0.5378523
[1] 0.4751045
[1] 0.5100936
[1] 0.4891553
[1] 0.4767483
[1] 0.5153376
[1] 0.4640635
[1] 0.5431947
[1] 0.4754755
[1] 0.5390969
[1] 0.4815848
[1] 0.500259
[1] 0.5714488
[1] 0.4841434
[1] 0.6276341
[1] 0.4877637
[1] 0.5017884
[1] 0.4801923
[1] 0.4683352
[1] 0.5403847
[1] 0.4967247
[1] 0.5460478
[1] 0.4823925
[1] 0.506147
[1] 0.4980372
[1] 0.5473527
[1] 0.5696858
[1] 0.5179571
[1] 0.5005427
[1] 0.5029841
[1] 0.4944223
[1] 0.4997603
[1] 0.4941894
[1] 0.5561857
[1] 0.5440726
[1] 0.5022722
[1] 0.4724287
[1] 0.4939316
[1] 0.5370049
[1] 0.483898
[1] 0.5050951
[1] 0.4941988
[1] 0.5062575
[1] 0.503114
[1] 0.484529
[1] 0.4802457
[1] 0.4631725
[1] 0.5160494
[1] 0.6068373
[1] 0.4807715
[1] 0.5873738
[1] 0.4922921
[1] 0.4716531
[1] 0.4826947
[1] 0.5422286
[1] 0.4723345
[1] 0.4665104
[1] 0.4753012
[1] 0.5022119
[1] 0.4926303
[1] 0.4960904
[1] 0.4706167
[1] 0.4783646
[1] 0.5220173
[1] 0.5175198
[1] 0.4772264
[1] 0.4975452
[1] 0.5691114
[1] 0.5074405
[1] 0.4945827
[1] 0.4962046
[1] 0.4964111
[1] 0.5302516
[1] 0.4913231
[1] 0.4779387
[1] 0.4764834
[1] 0.498297
[1] 0.5642337
[1] 0.529934
[1] 0.5459707
[1] 0.603266
[1] 0.6294767
[1] 0.5512762
[1] 0.5372247
[1] 0.5955742
[1] 0.578008
[1] 0.5255611
[1] 0.4734215
[1] 0.4820479
[1] 0.4751598
[1] 0.4997536
[1] 0.4722512
[1] 0.4758769
[1] 0.4892109
[1] 0.4890877
[1] 0.4808323
[1] 0.4923825
[1] 0.5798263
[1] 0.4928975
[1] 0.4855504
[1] 0.551495
[1] 0.4821756
[1] 0.5629921
[1] 0.4611172
[1] 0.5418842
[1] 0.6044424
[1] 0.4957949
[1] 0.4931789
[1] 0.5217047
[1] 0.4877351
[1] 0.6439909
[1] 0.5144695
[1] 0.4812624
[1] 0.4921521
[1] 0.5125841
[1] 0.4759361
[1] 0.4908991
[1] 0.4878285
[1] 0.5176204
[1] 0.5178807
[1] 0.4829747
[1] 0.4831117
[1] 0.4774788
[1] 0.4791792
[1] 0.4961002
[1] 0.5218113
[1] 0.5263449
[1] 0.4870335
[1] 0.5492606
[1] 0.4978935
[1] 0.4857315
[1] 0.526081
[1] 0.5105675
[1] 0.4962161
[1] 0.5093607
[1] 0.4691422
[1] 0.513648
[1] 0.5822903
[1] 0.5008393
[1] 0.501132
[1] 0.4816139
[1] 0.4858069
[1] 0.5588526
[1] 0.5280385
[1] 0.5272473
[1] 0.4960431
[1] 0.4797136
[1] 0.5954883
[1] 0.4989526
[1] 0.5038351
[1] 0.4776101
[1] 0.4949532
[1] 0.4929098
[1] 0.518336
[1] 0.5010774
[1] 0.4872937
[1] 0.5700246
[1] 0.5268141
[1] 0.4968791
[1] 0.499636
[1] 0.5912081
[1] 0.5054118
[1] 0.4757548
[1] 0.6463701
[1] 0.4885374
[1] 0.5826885
[1] 0.4811408
[1] 0.5295932
[1] 0.5454443
[1] 0.5255892
[1] 0.4919674
[1] 0.5922021
[1] 0.4957911
[1] 0.5277484
[1] 0.4797042
[1] 0.492145
[1] 0.6076986
[1] 0.4860713
[1] 0.4965908
[1] 0.51801
[1] 0.4834554
[1] 0.535547
[1] 0.4976899
[1] 0.5123177
[1] 0.4969324
[1] 0.4839453
[1] 0.50369
[1] 0.5027779
[1] 0.4987125
[1] 0.5459085
[1] 0.5089808
[1] 0.5144476
[1] 0.4832039
[1] 0.4773497
[1] 0.4865412
[1] 0.5183648
[1] 0.5094019
[1] 0.4649375
[1] 0.5546543
[1] 0.5127096
[1] 0.5051072
[1] 0.4922963
[1] 0.4683196
[1] 0.5744691
[1] 0.5274534
[1] 0.4453134
[1] 0.488528
[1] 0.4837648
[1] 0.4733768
[1] 0.5062346
[1] 0.5170798
[1] 0.4840129
[1] 0.467444
[1] 0.4966843
[1] 0.4659854
[1] 0.4891812
[1] 0.4800696
[1] 0.4813153
[1] 0.4925949
[1] 0.4921798
[1] 0.5454087
[1] 0.4812324
[1] 0.5026726
[1] 0.6202384
[1] 0.4946796
[1] 0.5620895
[1] 0.4905188
[1] 0.5376841
[1] 0.4891401
[1] 0.5049401
[1] 0.6102929
[1] 0.5492005
[1] 0.539562
[1] 0.5161098
[1] 0.504234
[1] 0.4794499
[1] 0.4779414
[1] 0.4919748
[1] 0.4983347
[1] 0.4902664
[1] 0.490809
[1] 0.4590432
[1] 0.5263191
[1] 0.4849719
[1] 0.517004
[1] 0.5110936
[1] 0.5315889
[1] 0.5711006
[1] 0.489557
[1] 0.5109576
[1] 0.4780435
[1] 0.5652958
[1] 0.4693323
[1] 0.5439545
[1] 0.4835858
[1] 0.5640402
[1] 0.4675978
[1] 0.4543245
[1] 0.5418623
[1] 0.4742009
[1] 0.4966157
[1] 0.4663052
[1] 0.5390659
[1] 0.4530653
[1] 0.5690544
[1] 0.5412671
[1] 0.4918344
[1] 0.5032329
[1] 0.5757859
[1] 0.4781913
[1] 0.4902807
[1] 0.4850791
[1] 0.5044393
[1] 0.4711573
[1] 0.4918021
[1] 0.5053368
[1] 0.4787315
[1] 0.5399001
[1] 0.5124515
[1] 0.5840031
[1] 0.5448811
[1] 0.4646916
[1] 0.5686495
[1] 0.4729984
[1] 0.4827959
[1] 0.5569605
[1] 0.4945082
[1] 0.5059734
[1] 0.5609114
[1] 0.6373621
[1] 0.4867404
[1] 0.4779817
[1] 0.4728306
[1] 0.4982533
[1] 0.4670386
[1] 0.4822028
[1] 0.4847077
[1] 0.4778744
[1] 0.4886113
[1] 0.4831981
[1] 0.5915072
[1] 0.4733313
[1] 0.5041604
[1] 0.4825798
[1] 0.4768701
[1] 0.4960388
[1] 0.5092528
[1] 0.4905288
[1] 0.5226203
[1] 0.5120452
[1] 0.4764322
[1] 0.4868862
[1] 0.5330991
[1] 0.4980024
[1] 0.6208844
[1] 0.5790504
[1] 0.515881
[1] 0.4908491
[1] 0.4938207
[1] 0.4878941
[1] 0.4984972
[1] 0.4736123
[1] 0.4845296
[1] 0.4863988
[1] 0.5509674
[1] 0.4768438
[1] 0.4801101
[1] 0.4884524
[1] 0.5039911
[1] 0.4836092
[1] 0.5054524
[1] 0.5020036
[1] 0.5587278
[1] 0.4978981
[1] 0.5814804
[1] 0.4827425
[1] 0.5731514
[1] 0.5582369
[1] 0.6412048
[1] 0.5715411
[1] 0.4810024
[1] 0.495666
[1] 0.4721199
[1] 0.5161661
[1] 0.5069942
[1] 0.4946357
[1] 0.5020493
[1] 0.4828578
[1] 0.5854052
[1] 0.4802123
[1] 0.5015027
[1] 0.47489
[1] 0.4911702
[1] 0.4878852
[1] 0.561845
[1] 0.5251048
[1] 0.5703341
[1] 0.5508472
[1] 0.5570987
[1] 0.4997374
[1] 0.5843753
[1] 0.5612084
[1] 0.6355245
[1] 0.5281199
[1] 0.5677189
[1] 0.4918038
[1] 0.5500348
[1] 0.5539765
[1] 0.5382631
[1] 0.4962965
[1] 0.4832602
[1] 0.4837424
[1] 0.4816125
[1] 0.5339822
[1] 0.5956501
[1] 0.47936
[1] 0.5030343
[1] 0.6688948
[1] 0.5171963
[1] 0.545135
[1] 0.5627261
[1] 0.4960259
[1] 0.5305875
[1] 0.5383944
[1] 0.5060993
[1] 0.4756146
[1] 0.5235372
[1] 0.5224583
[1] 0.6005708
[1] 0.4992136
[1] 0.5702004
[1] 0.4978938
[1] 0.5553397
[1] 0.4791631
[1] 0.485338
[1] 0.5405902
[1] 0.563701
[1] 0.4945013
[1] 0.569104
[1] 0.4755044
[1] 0.5809152
[1] 0.5608524
[1] 0.5498682
[1] 0.4859711
[1] 0.5530776
[1] 0.5272199
[1] 0.6214992
[1] 0.5363712
[1] 0.6502219
[1] 0.5199614
[1] 0.5224372
[1] 0.5205517
[1] 0.5235287
[1] 0.5370956
[1] 0.4863562
[1] 0.5421015
[1] 0.4906593
[1] 0.5053912
[1] 0.4907682
[1] 0.509598
[1] 0.5555747
[1] 0.4975773
[1] 0.5504045
[1] 0.6312037
[1] 0.4877859
[1] 0.501581
[1] 0.4894356
[1] 0.4611476
[1] 0.4970034
[1] 0.4781508
[1] 0.5316484
[1] 0.4966703
[1] 0.5169956
[1] 0.4860245
[1] 0.5056258
[1] 0.5782242
[1] 0.4896432
[1] 0.514874
[1] 0.495908
[1] 0.5547358
[1] 0.5197362
[1] 0.4643687
[1] 0.5847978
[1] 0.4898696
[1] 0.5210198
[1] 0.507386
[1] 0.4986495
[1] 0.5265357
[1] 0.5401843
[1] 0.4955814
[1] 0.4889072
[1] 0.6169308
[1] 0.4783955
[1] 0.4898125
[1] 0.5228302
[1] 0.5405507
[1] 0.4762247
[1] 0.4977395
[1] 0.4848406
[1] 0.5236397
[1] 0.5084866
[1] 0.5055623
[1] 0.5911525
[1] 0.5479422
[1] 0.4996597
[1] 0.5001962
[1] 0.4758271
[1] 0.4847065
[1] 0.5367643
[1] 0.550742
[1] 0.4906568
[1] 0.4903474
[1] 0.4831202
[1] 0.5086014
[1] 0.4905442
[1] 0.5896731
[1] 0.4939289
[1] 0.4928987
[1] 0.5063685
[1] 0.5642495
[1] 0.4957543
[1] 0.481356
[1] 0.4851386
[1] 0.5066153
[1] 0.4887806
[1] 0.512367
[1] 0.5913645
[1] 0.5134698
[1] 0.5909876
[1] 0.4828142
[1] 0.4918891
[1] 0.4904553
[1] 0.4976481
[1] 0.4754495
[1] 0.4736004
[1] 0.5453482
[1] 0.4801808
[1] 0.5039675
[1] 0.5110136
[1] 0.5062743
[1] 0.512767
[1] 0.4785409
[1] 0.5005583
[1] 0.4975308
[1] 0.4937533
[1] 0.4951742
[1] 0.4911281
[1] 0.4747959
[1] 0.543778
[1] 0.4879366
[1] 0.4954596
[1] 0.5060747
[1] 0.5327434
[1] 0.5088065
[1] 0.4731788
[1] 0.5427129
[1] 0.4867089
[1] 0.534015
[1] 0.5204577
[1] 0.4792677
[1] 0.5103508
[1] 0.471213
[1] 0.493098
[1] 0.5544669
[1] 0.4947357
[1] 0.4699352
[1] 0.4795251
[1] 0.5187651
[1] 0.5391889
[1] 0.5518091
[1] 0.4611742
[1] 0.499361
[1] 0.4911676
[1] 0.5638879
[1] 0.5531552
[1] 0.4847953
[1] 0.639618
[1] 0.5241912
[1] 0.5392284
[1] 0.5059753
[1] 0.4747052
[1] 0.5057132
[1] 0.5698952
[1] 0.5711971
[1] 0.5612906
[1] 0.5055924
[1] 0.5663342
[1] 0.5550385
[1] 0.6244438
[1] 0.49806
[1] 0.4918247
[1] 0.5643157
[1] 0.4828052
[1] 0.5916788
[1] 0.4654114
[1] 0.4971654
[1] 0.4799763
[1] 0.4896295
[1] 0.503858
[1] 0.4848301
[1] 0.4702422
[1] 0.4813078
[1] 0.5704683
[1] 0.5119165
[1] 0.5045186
[1] 0.5071678
[1] 0.6023886
[1] 0.4861315
[1] 0.5309895
[1] 0.5507837
[1] 0.5775975
[1] 0.5005769
[1] 0.4994084
[1] 0.4957714
[1] 0.4956775
[1] 0.4677686
[1] 0.5065645
[1] 0.5318113
[1] 0.541978
[1] 0.4850278
[1] 0.4871255
[1] 0.5611072
[1] 0.6123103
[1] 0.572043
[1] 0.4861593
[1] 0.4698214
[1] 0.4956429
[1] 0.5796497
[1] 0.4650637
[1] 0.4789093
[1] 0.491222
[1] 0.4896316
[1] 0.4961189
[1] 0.5003159
[1] 0.4735498
[1] 0.4872408
[1] 0.5294659
[1] 0.5119851
[1] 0.5660273
[1] 0.5092979
[1] 0.5051449
[1] 0.4858536
[1] 0.4902419
[1] 0.511697
[1] 0.4812963
[1] 0.4857027
[1] 0.4822211
[1] 0.5477295
[1] 0.4979763
[1] 0.4951969
[1] 0.4829948
[1] 0.5199524
[1] 0.5523543
[1] 0.5018216
[1] 0.494873
[1] 0.4694217
[1] 0.4772096
[1] 0.5891436
[1] 0.4901452
[1] 0.4910075
[1] 0.5433149
[1] 0.4718753
[1] 0.5793679
[1] 0.4799716
[1] 0.5173873
[1] 0.4991488
[1] 0.5402103
[1] 0.5013197
[1] 0.5036892
[1] 0.4813477
[1] 0.5015593
[1] 0.470419
[1] 0.5069104
[1] 0.5966937
[1] 0.5227115
[1] 0.4934363
[1] 0.4909972
[1] 0.5231903
[1] 0.5421853
[1] 0.4572144
[1] 0.5657339
[1] 0.5114543
[1] 0.4826518
[1] 0.5113418
[1] 0.5018132
[1] 0.4835369
[1] 0.551179
[1] 0.4947129
[1] 0.4877265
[1] 0.4789129
[1] 0.517551
[1] 0.6353538
[1] 0.6097931
[1] 0.5938534
[1] 0.5127826
[1] 0.4859249
[1] 0.5022072
[1] 0.5045606
[1] 0.5193857
[1] 0.5320975
[1] 0.5787492
[1] 0.4767979
[1] 0.4961838
[1] 0.4850883
[1] 0.5168316
[1] 0.5030049
[1] 0.4621775
[1] 0.5032406
[1] 0.5013939
[1] 0.5135282
[1] 0.4818756
[1] 0.5015512
[1] 0.4984053
[1] 0.5220671
[1] 0.4852978
[1] 0.5124909
[1] 0.5668285
[1] 0.4776989
[1] 0.4777768
[1] 0.6291103
[1] 0.526732
[1] 0.4849348
[1] 0.4824855
[1] 0.5021479
[1] 0.5070694
[1] 0.4838485
[1] 0.5476628
[1] 0.4814616
[1] 0.47263
[1] 0.4974072
[1] 0.4940368
[1] 0.5345443
[1] 0.5779578
[1] 0.5562042
[1] 0.4838235
[1] 0.4861552
[1] 0.5749301
[1] 0.4884955
[1] 0.4858838
[1] 0.485486
[1] 0.5353454
[1] 0.495421
[1] 0.4793926
[1] 0.5265454
[1] 0.6651371
[1] 0.6139125
[1] 0.4660847
[1] 0.473371
[1] 0.5338862
[1] 0.481197
[1] 0.4791832
[1] 0.4821245
[1] 0.5263029
[1] 0.5227308
[1] 0.4864146
[1] 0.5355955
[1] 0.5074631
[1] 0.4762017
[1] 0.5090406
[1] 0.4887766
[1] 0.5468145
[1] 0.5117019
[1] 0.4919678
[1] 0.5609962
[1] 0.4730924
[1] 0.5332013
[1] 0.5890604
[1] 0.5178164
[1] 0.5299402
[1] 0.4884724
[1] 0.5810027
[1] 0.4659464
[1] 0.5368309
[1] 0.5142929
[1] 0.5336583
[1] 0.5314523
[1] 0.4781837
[1] 0.5182128
[1] 0.5914386
[1] 0.6203287
[1] 0.4805999
[1] 0.5060951
[1] 0.4822723
[1] 0.4754486
[1] 0.4903998
[1] 0.5307414
[1] 0.4846106
[1] 0.506332
[1] 0.5514237
[1] 0.4728401
[1] 0.5945651
[1] 0.5012262
[1] 0.4753256
[1] 0.5697973
[1] 0.663372
[1] 0.5015957
[1] 0.4594072
[1] 0.6036781
[1] 0.4888445
[1] 0.4804993
[1] 0.5119443
[1] 0.5590346
[1] 0.4579288
[1] 0.4940352
[1] 0.5953169
[1] 0.4666649
[1] 0.560486
[1] 0.49953
[1] 0.4855849
[1] 0.4777867
[1] 0.4781831
[1] 0.5072427
[1] 0.4794455
[1] 0.507917
[1] 0.5037715
[1] 0.4670719
[1] 0.4822908
[1] 0.5021603
[1] 0.4964495
[1] 0.5409945
[1] 0.5342617
[1] 0.5129364
[1] 0.4869131
[1] 0.4660545
[1] 0.4890921
[1] 0.4937382
[1] 0.4779867
[1] 0.5090881
[1] 0.5258273
[1] 0.4730087
[1] 0.5412407
[1] 0.541908
[1] 0.4815391
[1] 0.480692
[1] 0.4752866
[1] 0.5138423
[1] 0.6083011
[1] 0.4885796
[1] 0.4919249
[1] 0.4800983
[1] 0.5510497
[1] 0.4843783
[1] 0.5069309
[1] 0.499963
[1] 0.494491
[1] 0.6157731
[1] 0.5218556
[1] 0.5510298
[1] 0.5061843
[1] 0.4986982
[1] 0.4971151
[1] 0.5094837
[1] 0.4823228
[1] 0.5536249
[1] 0.4837728
[1] 0.4880863
[1] 0.5064512
[1] 0.5592729
[1] 0.5014251
[1] 0.5219986
[1] 0.555725
[1] 0.4756088
[1] 0.5362889
[1] 0.487117
[1] 0.4680057
[1] 0.4761917
[1] 0.5192151
[1] 0.5776553
[1] 0.5817154
[1] 0.5728291
[1] 0.5470494
[1] 0.6145133
[1] 0.5562393
[1] 0.5148138
[1] 0.5358849
[1] 0.4800592
[1] 0.5031464
[1] 0.4804507
[1] 0.4767119
[1] 0.4878177
[1] 0.4755233
[1] 0.4623228
[1] 0.5534998
[1] 0.5048416
[1] 0.4642799
[1] 0.4836211
[1] 0.5214776
[1] 0.4910707
[1] 0.5526102
[1] 0.5427868
[1] 0.483586
[1] 0.4691331
[1] 0.6241135
[1] 0.4918212
[1] 0.4903954
[1] 0.47918
[1] 0.4911887
[1] 0.4732032
[1] 0.4958475
[1] 0.4759817
[1] 0.4824873
[1] 0.5195427
[1] 0.6405534
[1] 0.5019888
[1] 0.4765267
[1] 0.4787902
[1] 0.510382
[1] 0.5145129
[1] 0.4715594
[1] 0.4571689
[1] 0.4624576
[1] 0.4733138
[1] 0.4667444
[1] 0.4858296
[1] 0.4904178
[1] 0.544531
[1] 0.5797183
[1] 0.5168931
[1] 0.4903902
[1] 0.515359
[1] 0.470529
[1] 0.4799551
[1] 0.4712421
[1] 0.5028359
[1] 0.4857523
[1] 0.4871818
[1] 0.4894498
[1] 0.4733738
[1] 0.4878074
[1] 0.4743559
[1] 0.4837306
[1] 0.5288387
[1] 0.5245753
[1] 0.5265413
[1] 0.4752808
[1] 0.5791547
[1] 0.5169294
[1] 0.5534618
[1] 0.6471153
[1] 0.5119311
[1] 0.5488978
[1] 0.5477684
[1] 0.5211389
[1] 0.491002
[1] 0.4917939
[1] 0.5516996
[1] 0.5882647
[1] 0.561434
[1] 0.5516704
[1] 0.4807706
[1] 0.4984179
[1] 0.500255
[1] 0.5720163
[1] 0.4901548
[1] 0.5722075
[1] 0.542823
[1] 0.5083954
[1] 0.4770395
[1] 0.5106126
[1] 0.5457673
[1] 0.5223367
[1] 0.5439393
[1] 0.5385999
[1] 0.454212
[1] 0.5597555
[1] 0.4808662
[1] 0.4690069
[1] 0.5157952
[1] 0.5063807
[1] 0.4776065
[1] 0.5094934
[1] 0.4960006
[1] 0.4780247
[1] 0.505851
[1] 0.4880359
[1] 0.5396953
[1] 0.4940157
[1] 0.5047019
[1] 0.5364431
[1] 0.5128658
[1] 0.5912283
[1] 0.4986667
[1] 0.4850261
[1] 0.4753942
[1] 0.5367216
[1] 0.5597593
[1] 0.4861019
[1] 0.560128
[1] 0.5056991
[1] 0.4852999
[1] 0.5560906
[1] 0.5096
[1] 0.4908298
[1] 0.5172842
[1] 0.4820256
[1] 0.4933309
[1] 0.5144097
[1] 0.4796749
[1] 0.5166893
[1] 0.5443423
[1] 0.4855227
[1] 0.4816513
[1] 0.4882282
[1] 0.4849772
[1] 0.5697147
[1] 0.5193686
[1] 0.4741377
[1] 0.5064933
[1] 0.5775771
[1] 0.5166001
[1] 0.4752345
[1] 0.4847057
[1] 0.5073625
[1] 0.5984326
[1] 0.5423204
[1] 0.5409334
[1] 0.5433698
[1] 0.5097173
[1] 0.4781949
[1] 0.4909909
[1] 0.4997984
[1] 0.5687435
[1] 0.4858856
[1] 0.491074
[1] 0.4973833
[1] 0.5445767
[1] 0.4822822
[1] 0.4998801
[1] 0.4916336
[1] 0.6295955
[1] 0.5525746
[1] 0.4998675
[1] 0.5306402
[1] 0.4889189
[1] 0.5242184
[1] 0.5246965
[1] 0.5388735
[1] 0.561154
[1] 0.6070357
[1] 0.4945669
[1] 0.5614965
[1] 0.5542553
[1] 0.5139087
[1] 0.6313483
[1] 0.5024859
[1] 0.5303439
[1] 0.5504867
[1] 0.5439994
[1] 0.5166052
[1] 0.5744462
[1] 0.4983192
[1] 0.5645848
[1] 0.547627
[1] 0.4860454
[1] 0.5707645
[1] 0.5240461
[1] 0.5529107
[1] 0.5370976
[1] 0.4824153
[1] 0.5116791
[1] 0.5699348
[1] 0.5551045
[1] 0.5014493
[1] 0.4784921
[1] 0.4938447
[1] 0.4797968
[1] 0.4693489
[1] 0.4755097
[1] 0.4831812
[1] 0.488184
[1] 0.6103195
[1] 0.5595315
[1] 0.4795516
[1] 0.4732828
[1] 0.4645656
[1] 0.5770929
[1] 0.5858226
[1] 0.4613453
[1] 0.4602965
[1] 0.4929088
[1] 0.5393729
[1] 0.4825775
[1] 0.4980137
[1] 0.5915488
[1] 0.5917765
[1] 0.5888427
[1] 0.486631
[1] 0.4551659
[1] 0.4641379
[1] 0.497563
[1] 0.4931136
[1] 0.5225788
[1] 0.5544182
[1] 0.4817912
[1] 0.4724296
[1] 0.5243457
[1] 0.5088946
[1] 0.471751
[1] 0.4671247
[1] 0.503275
[1] 0.5036554
[1] 0.5038734
[1] 0.6096072
[1] 0.5152477
[1] 0.4810187
[1] 0.4787965
[1] 0.5575429
[1] 0.4596432
[1] 0.482541
[1] 0.4984645
[1] 0.5181891
[1] 0.5493308
[1] 0.4996805
[1] 0.5178632
[1] 0.4938487
[1] 0.4947328
[1] 0.4786499
[1] 0.4845039
[1] 0.5036349
[1] 0.5096565
[1] 0.5488532
[1] 0.4849619
[1] 0.5469437
[1] 0.4788296
[1] 0.5754946
[1] 0.4855844
[1] 0.471509
[1] 0.5190403
[1] 0.5128594
[1] 0.5186411
[1] 0.533446
[1] 0.5008978
[1] 0.4951794
[1] 0.5520381
[1] 0.4823723
[1] 0.4910487
[1] 0.5678593
[1] 0.4903793
[1] 0.4708528
[1] 0.5343217
[1] 0.5069216
[1] 0.4875445
[1] 0.4714253
[1] 0.4921179
[1] 0.522629
[1] 0.4954722
[1] 0.5490485
[1] 0.4903718
[1] 0.5677893
[1] 0.4861731
[1] 0.4672195
[1] 0.5980529
[1] 0.4910196
[1] 0.4690775
[1] 0.479173
[1] 0.58775
[1] 0.5356722
[1] 0.4848624
[1] 0.5112763
[1] 0.4854966
[1] 0.484077
[1] 0.4692594
[1] 0.4828361
[1] 0.4843527
[1] 0.539445
[1] 0.4859355
[1] 0.4992206
[1] 0.5066988
[1] 0.5240711
[1] 0.4743337
[1] 0.5337333
[1] 0.5312591
[1] 0.6007469
[1] 0.4974058
[1] 0.5305378
[1] 0.5024329
[1] 0.496393
[1] 0.4965283
[1] 0.4812249
[1] 0.4873905
[1] 0.5308409
[1] 0.548366
[1] 0.4873669
[1] 0.5628809
[1] 0.4700228
[1] 0.4860799
[1] 0.5541105
[1] 0.4820468
[1] 0.5313226
[1] 0.4958003
[1] 0.4755719
[1] 0.4835568
[1] 0.5413713
[1] 0.4791457
[1] 0.4703381
[1] 0.623046
[1] 0.5146703
[1] 0.4744131
[1] 0.4923245
[1] 0.4908452
[1] 0.5871743
[1] 0.6344796
[1] 0.4921016
[1] 0.5105601
[1] 0.5980994
[1] 0.5361278
[1] 0.5489665
[1] 0.4882317
[1] 0.4865722
[1] 0.4869805
[1] 0.4769721
[1] 0.5119554
[1] 0.4842469
[1] 0.4917788
[1] 0.5569679
[1] 0.4754611
[1] 0.5515767
[1] 0.4837379
[1] 0.4745776
[1] 0.4840397
[1] 0.6117402
[1] 0.5479696
[1] 0.4768564
[1] 0.6323892
[1] 0.4900801
[1] 0.5070524
[1] 0.564302
[1] 0.5313772
[1] 0.5006066
[1] 0.5537319
[1] 0.5112491
[1] 0.5546411
[1] 0.4675558
[1] 0.494104
[1] 0.5472394
[1] 0.5071639
[1] 0.5357177
[1] 0.488471
[1] 0.4817059
[1] 0.5107318
[1] 0.4683368
[1] 0.4893405
[1] 0.4860407
[1] 0.5090686
[1] 0.5164735
[1] 0.5964811
[1] 0.4933705
[1] 0.4895515
[1] 0.4920934
[1] 0.5198417
[1] 0.4759887
[1] 0.4866326
[1] 0.4833758
[1] 0.5626559
[1] 0.5730775
[1] 0.4762127
[1] 0.5299095
[1] 0.4992694
[1] 0.5063813
[1] 0.5440452
[1] 0.4915646
[1] 0.5050277
[1] 0.4786841
[1] 0.5645763
[1] 0.5268407
[1] 0.5305973
[1] 0.5081594
[1] 0.5679343
[1] 0.5563428
[1] 0.5294497
[1] 0.471566
[1] 0.5066681
[1] 0.5635239
[1] 0.4938692
[1] 0.5338784
[1] 0.4805175
[1] 0.5291944
[1] 0.4752264
[1] 0.5103243
[1] 0.594768
[1] 0.5493888
[1] 0.4970234
[1] 0.6237793
[1] 0.5152239
[1] 0.4734989
[1] 0.4753419
[1] 0.534166
[1] 0.5585619
[1] 0.4955969
[1] 0.5035912
[1] 0.4876927
[1] 0.4932366
[1] 0.5080884
[1] 0.4813486
[1] 0.5639622
[1] 0.490341
[1] 0.4798969
[1] 0.5012739
[1] 0.4964216
[1] 0.4947242
[1] 0.5879445
[1] 0.4849302
[1] 0.5158713
[1] 0.5642709
[1] 0.5061842
[1] 0.5025047
[1] 0.5854305
[1] 0.5529739
[1] 0.5791061
[1] 0.5346246
[1] 0.5221091
[1] 0.4807853
[1] 0.4746385
[1] 0.5093247
[1] 0.555353
[1] 0.5234018
[1] 0.514523
[1] 0.5408689
[1] 0.5532892
[1] 0.496332
[1] 0.5239429
[1] 0.4648292
[1] 0.5008298
[1] 0.5090328
[1] 0.4800312
[1] 0.4890317
[1] 0.5132734
[1] 0.4839139
[1] 0.54184
[1] 0.5269727
[1] 0.4977579
[1] 0.4749998
[1] 0.5015132
[1] 0.4784348
[1] 0.6404499
[1] 0.5829435
[1] 0.5002325
[1] 0.4794963
[1] 0.5366039
[1] 0.4722707
[1] 0.469079
[1] 0.4723515
[1] 0.4944642
[1] 0.5137716
[1] 0.5340207
[1] 0.4895651
[1] 0.5018554
[1] 0.5432604
[1] 0.6081293
[1] 0.4805175
[1] 0.5989329
[1] 0.5594801
[1] 0.4814054
[1] 0.556139
[1] 0.5631422
[1] 0.4895257
[1] 0.5934713
[1] 0.5619091
[1] 0.4768493
[1] 0.5314206
[1] 0.4847247
[1] 0.5626023
[1] 0.4961724
[1] 0.6270068
[1] 0.5068562
[1] 0.5267586
[1] 0.4957435
[1] 0.4792604
[1] 0.4937538
[1] 0.5755462
[1] 0.4855949
[1] 0.4572302
[1] 0.475556
[1] 0.4805811
[1] 0.4768513
[1] 0.4759849
[1] 0.5521594
[1] 0.4810292
[1] 0.4784856
[1] 0.5744567
[1] 0.545573
[1] 0.486552
[1] 0.4822674
[1] 0.4825766
[1] 0.4846776
[1] 0.531748
[1] 0.5114466
[1] 0.4972074
[1] 0.5537401
[1] 0.5673798
[1] 0.4949733
[1] 0.4816243
[1] 0.5382823
[1] 0.4778412
[1] 0.5432859
[1] 0.4765321
[1] 0.5778392
[1] 0.5186106
[1] 0.5819961
[1] 0.6025647
[1] 0.4823083
[1] 0.4967097
[1] 0.6145366
[1] 0.5482326
[1] 0.4923962
[1] 0.4634098
[1] 0.5644975
[1] 0.5020546
[1] 0.5174384
[1] 0.4755431
[1] 0.4890529
[1] 0.4858494
[1] 0.498552
[1] 0.5647047
[1] 0.5102777
[1] 0.5555028
[1] 0.4925281
[1] 0.4866721
[1] 0.5095938
[1] 0.5303676
[1] 0.5707352
[1] 0.4952403
[1] 0.4826431
[1] 0.4803013
[1] 0.4901345
[1] 0.4905341
[1] 0.5741288
[1] 0.4892654
[1] 0.4833974
[1] 0.6101256
[1] 0.5204571
[1] 0.5107763
[1] 0.48592
[1] 0.534472
[1] 0.4877399
[1] 0.5810727
[1] 0.5033666
[1] 0.4590685
[1] 0.4735402
[1] 0.479906
[1] 0.4723721
[1] 0.5490971
[1] 0.4822232
[1] 0.5022847
[1] 0.4844195
[1] 0.4992672
[1] 0.5017999
[1] 0.4773619
[1] 0.4820717
[1] 0.5139698
[1] 0.4933616
[1] 0.5155035
[1] 0.474463
[1] 0.475419
[1] 0.4872498
[1] 0.5085737
[1] 0.5081867
[1] 0.495093
[1] 0.5402398
[1] 0.4811425
[1] 0.5013284
[1] 0.4818581
[1] 0.5312075
[1] 0.4620767
[1] 0.6030761
[1] 0.4929673
[1] 0.4849606
[1] 0.4807785
[1] 0.4733379
[1] 0.4878694
[1] 0.4789257
[1] 0.4779362
[1] 0.4951443
[1] 0.5451821
[1] 0.5255055
[1] 0.5603812
[1] 0.5429604
[1] 0.653388
[1] 0.4855593
[1] 0.5034778
[1] 0.5993101
[1] 0.5574292
[1] 0.525545
[1] 0.5099638
[1] 0.4834713
[1] 0.4863149
[1] 0.4849542
[1] 0.5011494
[1] 0.4670033
[1] 0.5538838
[1] 0.5778669
[1] 0.4870984
[1] 0.4818301
[1] 0.4897074
[1] 0.5452453
[1] 0.5368281
[1] 0.5970843
[1] 0.5341295
[1] 0.4727913
[1] 0.5113743
[1] 0.4910073
[1] 0.5318644
[1] 0.4971118
[1] 0.4722725
[1] 0.4871182
[1] 0.5085715
[1] 0.4807706
[1] 0.5652763
[1] 0.4813821
[1] 0.4660965
[1] 0.5242973
[1] 0.4825491
[1] 0.4677348
[1] 0.567355
[1] 0.5516679
[1] 0.507279
[1] 0.5454609
[1] 0.4831965
[1] 0.475485
[1] 0.4967588
[1] 0.4762989
[1] 0.6273282
[1] 0.4654333
[1] 0.4831116
[1] 0.4832611
[1] 0.4855117
[1] 0.5026954
[1] 0.4707405
[1] 0.4697708
[1] 0.4635432
[1] 0.4780234
[1] 0.4877405
[1] 0.4990007
[1] 0.4965903
[1] 0.5004235
[1] 0.4870366
[1] 0.495107
[1] 0.4894596
[1] 0.535888
[1] 0.489952
[1] 0.5054309
[1] 0.5067647
[1] 0.485755
[1] 0.6197313
[1] 0.5003259
[1] 0.5192006
[1] 0.4938501
[1] 0.5732613
[1] 0.4737876
[1] 0.4753911
[1] 0.583056
[1] 0.4671665
[1] 0.4960378
[1] 0.4838439
[1] 0.4773685
[1] 0.5455781
[1] 0.4890593
[1] 0.4791738
[1] 0.474642
[1] 0.4679494
[1] 0.5039987
[1] 0.5021991
[1] 0.4728893
[1] 0.5084088
[1] 0.5344892
[1] 0.4893749
[1] 0.4913741
[1] 0.5152249
[1] 0.5478682
[1] 0.5288499
[1] 0.4781584
[1] 0.4964209
[1] 0.5631196
[1] 0.5833569
[1] 0.5155725
[1] 0.6248833
[1] 0.4999067
[1] 0.495659
[1] 0.4845081
[1] 0.4930716
[1] 0.5006722
[1] 0.4915189
[1] 0.4882804
[1] 0.5042555
[1] 0.5553415
[1] 0.6090828
[1] 0.4876059
[1] 0.4785644
[1] 0.5698481
[1] 0.5572585
[1] 0.5510999
[1] 0.5075936
[1] 0.5455201
[1] 0.4662839
[1] 0.5632991
[1] 0.496247
[1] 0.4835552
[1] 0.5793566
[1] 0.5830923
[1] 0.4810895
[1] 0.5071073
[1] 0.5583869
[1] 0.4923362
[1] 0.4841789
[1] 0.4898727
[1] 0.5096079
[1] 0.4893804
[1] 0.5102699
[1] 0.6270857
[1] 0.5389027
[1] 0.4881453
[1] 0.4632698
[1] 0.5412317
[1] 0.5479779
[1] 0.5565741
[1] 0.4934839
[1] 0.475113
[1] 0.4963719
[1] 0.4896227
[1] 0.5324621
[1] 0.481069
[1] 0.4827017
[1] 0.5288274
[1] 0.4808984
[1] 0.5485886
[1] 0.5356904
[1] 0.5089697
[1] 0.484161
[1] 0.5613706
[1] 0.5450061
[1] 0.6214121
[1] 0.4883743
[1] 0.5039655
[1] 0.4868754
[1] 0.4731469
[1] 0.4895524
[1] 0.6381186
[1] 0.4768268
[1] 0.5084391
[1] 0.5412974
[1] 0.4765567
[1] 0.4724508
[1] 0.4161064
[1] 0.4740255
[1] 0.4848979
[1] 0.5119612
[1] 0.5061442
[1] 0.5389843
[1] 0.4916368
[1] 0.4737087
[1] 0.6360463
[1] 0.490315
[1] 0.4673638
[1] 0.4741513
[1] 0.618413
[1] 0.4771161
[1] 0.4664591
[1] 0.5009063
[1] 0.5641216
[1] 0.5180558
[1] 0.5471211
[1] 0.4790722
[1] 0.4900887
[1] 0.5289348
[1] 0.4667119
[1] 0.5208018
[1] 0.4879245
[1] 0.6020463
[1] 0.4815625
[1] 0.4891861
[1] 0.5416679
[1] 0.4715886
[1] 0.5720552
[1] 0.5267907
[1] 0.4879515
[1] 0.5073773
[1] 0.6023826
[1] 0.482212
[1] 0.5126354
[1] 0.4805704
[1] 0.486939
[1] 0.4667576
[1] 0.6122941
[1] 0.5120052
[1] 0.5477329
[1] 0.5767899
[1] 0.4617968
[1] 0.4889294
[1] 0.485746
[1] 0.4807821
[1] 0.5077697
[1] 0.4911018
[1] 0.4853694
[1] 0.5503785
[1] 0.6009543
[1] 0.5013254
[1] 0.5251748
[1] 0.4823412
[1] 0.4780635
[1] 0.4878551
[1] 0.4904641
[1] 0.540035
[1] 0.549171
[1] 0.469902
[1] 0.4781394
[1] 0.4954989
[1] 0.4834215
[1] 0.5355196
[1] 0.4920386
[1] 0.5236901
[1] 0.4887403
[1] 0.4684738
[1] 0.4870729
[1] 0.5270091
[1] 0.4491579
[1] 0.4961992
[1] 0.4895996
[1] 0.5574539
[1] 0.499312
[1] 0.4724845
[1] 0.5052975
[1] 0.4749049
[1] 0.5938848
[1] 0.4652952
[1] 0.4785825
[1] 0.4835684
[1] 0.5033643
[1] 0.4830325
[1] 0.4837041
[1] 0.4788276
[1] 0.5187622
[1] 0.4822142
[1] 0.4764323
[1] 0.6002324
[1] 0.4914153
[1] 0.4809638
[1] 0.4820837
[1] 0.5168747
[1] 0.5958299
[1] 0.5203103
[1] 0.4790872
[1] 0.5085237
[1] 0.4704963
[1] 0.5880113
[1] 0.5117985
[1] 0.5663
[1] 0.5950202
[1] 0.4818758
[1] 0.4727174
[1] 0.4898228
[1] 0.5267503
[1] 0.4932226
[1] 0.5524842
[1] 0.5063944
[1] 0.514224
[1] 0.4960152
[1] 0.6316537
[1] 0.5811268
[1] 0.601225
[1] 0.4779465
[1] 0.6123021
[1] 0.533985
[1] 0.4777813
[1] 0.5396475
[1] 0.4689692
[1] 0.5111712
[1] 0.4807348
[1] 0.490125
[1] 0.5547501
[1] 0.5066417
[1] 0.4806843
[1] 0.4889033
[1] 0.4860575
[1] 0.5670689
[1] 0.4796424
[1] 0.4951654
[1] 0.4813452
[1] 0.4884593
[1] 0.5131546
[1] 0.461572
[1] 0.5600596
[1] 0.4825075
[1] 0.4617052
[1] 0.5373367
[1] 0.4827611
[1] 0.4816123
[1] 0.4872312
[1] 0.5277755
[1] 0.4797206
[1] 0.5356573
[1] 0.4987547
[1] 0.5377362
[1] 0.4630553
[1] 0.4922259
[1] 0.475695
[1] 0.4755285
[1] 0.5072856
[1] 0.4651125
[1] 0.4854794
[1] 0.511131
[1] 0.6064692
[1] 0.473026
[1] 0.5576483
[1] 0.470295
[1] 0.493363
[1] 0.4900553
[1] 0.4968621
[1] 0.588474
[1] 0.487767
[1] 0.4783162
[1] 0.5274402
[1] 0.5037547
[1] 0.4937049
[1] 0.5049478
[1] 0.4755759
[1] 0.4827566
[1] 0.5152757
[1] 0.5071195
[1] 0.4817009
[1] 0.5043591
[1] 0.5073565
[1] 0.4781671
[1] 0.4861102
[1] 0.4672141
[1] 0.512817
[1] 0.4773164
[1] 0.5667443
[1] 0.4658457
[1] 0.542949
[1] 0.4730306
[1] 0.5062171
[1] 0.4791078
[1] 0.5860026
[1] 0.5219389
[1] 0.4882462
[1] 0.4889696
[1] 0.525724
[1] 0.4788036
[1] 0.5272542
[1] 0.490844
[1] 0.5534636
[1] 0.5165869
[1] 0.4876454
[1] 0.4901666
[1] 0.4917384
[1] 0.500494
[1] 0.5030384
[1] 0.486207
[1] 0.5522399
[1] 0.4765014
[1] 0.4838729
[1] 0.511477
[1] 0.478896
[1] 0.519096
[1] 0.4711764
[1] 0.5797462
[1] 0.4852718
[1] 0.4823089
[1] 0.5409704
[1] 0.5715157
[1] 0.4657848
[1] 0.4883249
[1] 0.5538137
[1] 0.5707621
[1] 0.5294087
[1] 0.5004693
[1] 0.5607826
[1] 0.4880066
[1] 0.4819861
[1] 0.490113
[1] 0.5057752
[1] 0.5485007
[1] 0.5560588
[1] 0.4979555
[1] 0.4877792
[1] 0.6028122
[1] 0.5166951
[1] 0.4686944
[1] 0.5689085
[1] 0.4755943
[1] 0.5511468
[1] 0.5108567
[1] 0.4977543
[1] 0.4934546
[1] 0.4877165
[1] 0.5469479
[1] 0.4892089
[1] 0.4961536
[1] 0.4902215
[1] 0.4686646
[1] 0.4911166
[1] 0.4728734
[1] 0.500046
[1] 0.5181444
[1] 0.4754637
[1] 0.4840449
[1] 0.5588841
[1] 0.4874803
[1] 0.5875446
[1] 0.5186485
[1] 0.5026768
[1] 0.5156747
[1] 0.4746057
[1] 0.4714538
[1] 0.5115179
[1] 0.5302465
[1] 0.4776589
[1] 0.5017695
[1] 0.4654598
[1] 0.5205548
[1] 0.4758556
[1] 0.5536826
[1] 0.4829402
[1] 0.4998125
[1] 0.5176973
[1] 0.5805563
[1] 0.5093588
[1] 0.5022293
[1] 0.4845866
[1] 0.4996625
[1] 0.5370429
[1] 0.5669038
[1] 0.4816855
[1] 0.6445318
[1] 0.4782177
[1] 0.5124403
[1] 0.5124316
[1] 0.4776791
[1] 0.5969784
[1] 0.4853241
[1] 0.5981607
[1] 0.5899315
[1] 0.5067919
[1] 0.5291101
[1] 0.5064948
[1] 0.5193512
[1] 0.4814343
[1] 0.5945694
[1] 0.5196828
[1] 0.5027595
[1] 0.4651321
[1] 0.4868756
[1] 0.4843547
[1] 0.5661646
[1] 0.5561838
[1] 0.4796363
[1] 0.4864613
[1] 0.495203
[1] 0.4673581
[1] 0.5013538
[1] 0.5021096
[1] 0.473104
[1] 0.4739853
[1] 0.5302509
[1] 0.4886079
[1] 0.4635308
[1] 0.5057181
[1] 0.4790508
[1] 0.456127
[1] 0.4812839
[1] 0.4841521
[1] 0.4963573
[1] 0.5221031
[1] 0.513757
[1] 0.523742
[1] 0.4858514
[1] 0.4983832
[1] 0.4966444
[1] 0.4918392
[1] 0.4989185
[1] 0.46355
[1] 0.5575625
[1] 0.5180864
[1] 0.489205
[1] 0.5952635
[1] 0.5116612
[1] 0.5227495
[1] 0.6215918
[1] 0.5610189
[1] 0.4840019
[1] 0.5142918
[1] 0.5457132
[1] 0.5610572
[1] 0.4866763
[1] 0.4927554
[1] 0.5007039
[1] 0.6371039
[1] 0.609091
[1] 0.486644
[1] 0.4739129
[1] 0.5293608
[1] 0.5218035
[1] 0.5691051
[1] 0.4627854
[1] 0.4942321
[1] 0.4979149
[1] 0.5313018
[1] 0.4713943
[1] 0.4906107
[1] 0.4949514
[1] 0.4802605
[1] 0.4869799
[1] 0.5873131
[1] 0.4817585
[1] 0.4812153
[1] 0.4801016
[1] 0.5529482
[1] 0.5214436
[1] 0.4880208
[1] 0.6103519
[1] 0.4808628
[1] 0.4758989
[1] 0.4994729
[1] 0.5113917
[1] 0.5760008
[1] 0.5478779
[1] 0.5440625
[1] 0.4619233
[1] 0.4847658
[1] 0.507981
[1] 0.4991055
[1] 0.4811022
[1] 0.501741
[1] 0.4983013
[1] 0.4563585
[1] 0.4958233
[1] 0.5416492
[1] 0.4996958
[1] 0.5761191
[1] 0.5155651
[1] 0.5459455
[1] 0.5686445
[1] 0.5226964
[1] 0.4843533
[1] 0.4897579
[1] 0.4887506
[1] 0.467636
[1] 0.4792742
[1] 0.4895076
[1] 0.485239
[1] 0.5113194
[1] 0.481804
[1] 0.4779529
[1] 0.5324778
[1] 0.4874288
[1] 0.4705272
[1] 0.6372808
[1] 0.5586039
[1] 0.559093
[1] 0.4947608
[1] 0.605348
[1] 0.5004813
[1] 0.4854521
[1] 0.4833375
[1] 0.5402063
[1] 0.4972611
[1] 0.5060787
[1] 0.4830835
[1] 0.4796956
[1] 0.525344
[1] 0.4886455
[1] 0.4756577
[1] 0.5520638
[1] 0.5844394
[1] 0.4950858
[1] 0.47776
[1] 0.5552651
[1] 0.4680455
[1] 0.5242161
[1] 0.4821475
[1] 0.477743
[1] 0.4624367
[1] 0.5511628
[1] 0.5348822
[1] 0.5029284
[1] 0.491756
[1] 0.5440869
[1] 0.5425975
[1] 0.5209532
[1] 0.4642087
[1] 0.4743251
[1] 0.4549326
[1] 0.4845836
[1] 0.4702695
[1] 0.492266
[1] 0.4783358
[1] 0.4912438
[1] 0.4807688
[1] 0.4937738
[1] 0.4685481
[1] 0.4623447
[1] 0.4933025
[1] 0.5435038
[1] 0.484031
[1] 0.4586323
[1] 0.5162716
[1] 0.4832881
[1] 0.4867193
[1] 0.5837645
[1] 0.4903527
[1] 0.4622923
[1] 0.5431347
[1] 0.4593807
[1] 0.5699567
[1] 0.5839337
[1] 0.5618297
[1] 0.5203798
[1] 0.5293202
[1] 0.4984748
[1] 0.490554
[1] 0.491769
[1] 0.4953828
[1] 0.4829208
[1] 0.4808626
[1] 0.5193443
[1] 0.4840878
[1] 0.4777105
[1] 0.4639683
[1] 0.4784466
[1] 0.6091956
[1] 0.4794042
[1] 0.4847865
[1] 0.5748946
[1] 0.4979901
[1] 0.5012245
[1] 0.4944924
[1] 0.5503035
[1] 0.4590766
[1] 0.5114133
[1] 0.5519201
[1] 0.5374696
[1] 0.483419
[1] 0.5570567
[1] 0.5454781
[1] 0.504087
[1] 0.5143159
[1] 0.506349
[1] 0.4829345
[1] 0.6336052
[1] 0.5296569
[1] 0.4610614
[1] 0.48397
[1] 0.5106468
[1] 0.4764419
[1] 0.4863021
[1] 0.4922501
[1] 0.5904896
[1] 0.4684002
[1] 0.4605629
[1] 0.4831666
[1] 0.4974618
[1] 0.5561515
[1] 0.5167778
[1] 0.4772666
[1] 0.5406354
[1] 0.4977727
[1] 0.5437514
[1] 0.582693
[1] 0.4684605
[1] 0.5556201
[1] 0.4909479
[1] 0.486109
[1] 0.4844986
[1] 0.5357399
[1] 0.4825305
[1] 0.480798
[1] 0.5162215
[1] 0.507529
[1] 0.4795496
[1] 0.4760625
[1] 0.4817307
[1] 0.4634617
[1] 0.4744092
[1] 0.5165039
[1] 0.4964068
[1] 0.4946294
[1] 0.476239
[1] 0.4770597
[1] 0.49168
[1] 0.5405502
[1] 0.5004839
[1] 0.4772143
[1] 0.5151696
[1] 0.4756438
[1] 0.4705936
[1] 0.5047268
[1] 0.4888826
[1] 0.5521794
[1] 0.489952
[1] 0.4821227
[1] 0.4736325
[1] 0.5270041
[1] 0.6124202
[1] 0.5263588
[1] 0.4988498
[1] 0.528492
[1] 0.469378
[1] 0.5086412
[1] 0.5245773
[1] 0.4800193
[1] 0.518792
[1] 0.4755006
[1] 0.5473953
[1] 0.4896957
[1] 0.5572427
[1] 0.4968441
[1] 0.5069033
[1] 0.5029505
[1] 0.4737381
[1] 0.5216761
[1] 0.5411278
[1] 0.4888666
[1] 0.4651356
[1] 0.4917626
[1] 0.4714827
[1] 0.5087442
[1] 0.4901163
[1] 0.502105
[1] 0.568139
[1] 0.5630339
[1] 0.5752157
[1] 0.5092153
[1] 0.4881038
[1] 0.5839785
[1] 0.5304424
[1] 0.5878867
[1] 0.5913814
[1] 0.481419
[1] 0.483179
[1] 0.4625369
[1] 0.631459
[1] 0.5754426
[1] 0.4950052
[1] 0.4869784
[1] 0.4830298
[1] 0.4760186
[1] 0.5632394
[1] 0.5229478
[1] 0.4744404
[1] 0.5619938
[1] 0.4842926
[1] 0.6220257
[1] 0.5613452
[1] 0.4812019
[1] 0.4890345
[1] 0.4897882
[1] 0.5430548
[1] 0.4847729
[1] 0.5383379
[1] 0.5132162
[1] 0.4891306
[1] 0.5016894
[1] 0.5636263
[1] 0.4742774
[1] 0.478257
[1] 0.5000359
[1] 0.4662483
[1] 0.4900129
[1] 0.5217909
[1] 0.4862929
[1] 0.4779473
[1] 0.4746548
[1] 0.4767147
[1] 0.4825023
[1] 0.5638912
[1] 0.4770261
[1] 0.4826491
[1] 0.4834604
[1] 0.5044914
[1] 0.481187
[1] 0.5733523
[1] 0.4883743
[1] 0.4781046
[1] 0.5002333
[1] 0.4836395
[1] 0.4884803
[1] 0.4873401
[1] 0.4622558
[1] 0.4791587
[1] 0.5308213
[1] 0.4898211
[1] 0.5078733
[1] 0.4752794
[1] 0.4756023
[1] 0.4885329
[1] 0.4831893
[1] 0.5177928
[1] 0.474308
[1] 0.5304781
[1] 0.5529814
[1] 0.4913996
[1] 0.5137597
[1] 0.469606
[1] 0.4705452
[1] 0.4821259
[1] 0.5326663
[1] 0.4835545
[1] 0.4735969
[1] 0.6539131
[1] 0.544917
[1] 0.4832383
[1] 0.5234531
[1] 0.5092339
[1] 0.4735335
[1] 0.5279166
[1] 0.4804701
[1] 0.5614862
[1] 0.6031642
[1] 0.4742889
[1] 0.4944368
[1] 0.6162831
[1] 0.531374
[1] 0.6083438
[1] 0.5016306
[1] 0.4802773
[1] 0.4836105
[1] 0.5733869
[1] 0.5645884
[1] 0.5342214
[1] 0.6535797
[1] 0.4935426
[1] 0.5723836
[1] 0.5637859
[1] 0.6472698
[1] 0.4867039
[1] 0.5456166
[1] 0.4962483
[1] 0.5662259
[1] 0.5263258
[1] 0.5561325
[1] 0.4948227
[1] 0.4953501
[1] 0.56572
[1] 0.4797174
[1] 0.5019795
[1] 0.576947
[1] 0.4891788
[1] 0.4795533
[1] 0.5414387
[1] 0.5293739
[1] 0.5707202
[1] 0.4913727
[1] 0.5068489
[1] 0.4854173
[1] 0.5234367
[1] 0.5383456
[1] 0.4855809
[1] 0.5339801
[1] 0.4883064
[1] 0.6312957
[1] 0.4957783
[1] 0.4793495
[1] 0.5505029
[1] 0.4798748
[1] 0.4828544
[1] 0.5375123
[1] 0.5077375
[1] 0.5623157
[1] 0.480365
[1] 0.5097655
[1] 0.4689997
[1] 0.5031355
[1] 0.4769305
[1] 0.5200507
[1] 0.4826348
[1] 0.544735
[1] 0.5412051
[1] 0.5395435
[1] 0.4870311
[1] 0.483717
[1] 0.4611137
[1] 0.5137189
[1] 0.4881827
[1] 0.4716214
[1] 0.47512
[1] 0.495248
[1] 0.6153124
[1] 0.6432301
[1] 0.4805321
[1] 0.4888659
[1] 0.4861929
[1] 0.5022248
[1] 0.5432049
[1] 0.4931126
[1] 0.4682872
[1] 0.480122
[1] 0.6323438
[1] 0.4949379
[1] 0.4808434
[1] 0.4989967
[1] 0.5529664
[1] 0.5754836
[1] 0.6618818
[1] 0.4776423
[1] 0.4802987
[1] 0.5083505
[1] 0.4733804
[1] 0.4902444
[1] 0.4916416
[1] 0.5115473
[1] 0.4793289
[1] 0.4827724
[1] 0.6215405
[1] 0.4819869
[1] 0.4779675
[1] 0.479059
[1] 0.5282386
[1] 0.5424739
[1] 0.4641562
[1] 0.494516
[1] 0.4780797
[1] 0.5002693
[1] 0.5124277
[1] 0.4700632
[1] 0.4879939
[1] 0.4669781
[1] 0.4798161
[1] 0.4784767
[1] 0.4869402
[1] 0.5296343
[1] 0.4851514
[1] 0.5435444
[1] 0.4832646
[1] 0.5346042
[1] 0.4883211
[1] 0.500852
[1] 0.4882279
[1] 0.5885647
[1] 0.4805296
[1] 0.5075509
[1] 0.4813123
[1] 0.5003687
[1] 0.4899014
[1] 0.470919
[1] 0.4873391
[1] 0.5188748
[1] 0.4773269
[1] 0.4888993
[1] 0.4888086
[1] 0.5562892
[1] 0.4746797
[1] 0.4719326
[1] 0.4819109
[1] 0.4820418
[1] 0.4727419
[1] 0.4897612
[1] 0.4998084
[1] 0.5182621
[1] 0.5008379
[1] 0.4998435
[1] 0.6039175
[1] 0.4939839
[1] 0.4938478
[1] 0.4894811
[1] 0.5138133
[1] 0.4834879
[1] 0.5260027
[1] 0.4844127
[1] 0.4707671
[1] 0.5213946
[1] 0.4931792
[1] 0.4922828
[1] 0.4849148
[1] 0.472936
[1] 0.5004878
[1] 0.4953908
[1] 0.5275963
[1] 0.5304128
[1] 0.4930635
[1] 0.4824477
[1] 0.495075
[1] 0.4764898
[1] 0.4891422
[1] 0.4854929
[1] 0.4918441
[1] 0.5083243
[1] 0.4452364
[1] 0.5775658
[1] 0.4742478
[1] 0.5513087
[1] 0.52092
[1] 0.614198
[1] 0.4712241
[1] 0.5105574
[1] 0.4702282
[1] 0.4992815
[1] 0.4846465
[1] 0.486166
[1] 0.5814534
[1] 0.4861453
[1] 0.5068981
[1] 0.4874683
[1] 0.5302328
[1] 0.5197388
[1] 0.5006257
[1] 0.5325448
[1] 0.4882229
[1] 0.5556578
[1] 0.535775
[1] 0.6028793
[1] 0.4954599
[1] 0.4836328
[1] 0.4814182
[1] 0.5398312
[1] 0.5171324
[1] 0.5341757
[1] 0.5821549
[1] 0.4850837
[1] 0.4859926
[1] 0.5247176
[1] 0.5025926
[1] 0.4793745
[1] 0.4966581
[1] 0.4693444
[1] 0.5332418
[1] 0.5521945
[1] 0.5651601
[1] 0.5358832
[1] 0.486076
[1] 0.5043487
[1] 0.5075115
[1] 0.4500648
[1] 0.4783868
[1] 0.5698289
[1] 0.53082
[1] 0.5505813
[1] 0.507457
[1] 0.5051386
[1] 0.4906325
[1] 0.5867651
[1] 0.4917285
[1] 0.4944477
[1] 0.4844371
[1] 0.4877389
[1] 0.4905042
[1] 0.5735066
[1] 0.5071812
[1] 0.4855082
[1] 0.5609592
[1] 0.5739359
[1] 0.5914481
[1] 0.534408
[1] 0.5072047
[1] 0.5214179
[1] 0.4816085
[1] 0.5111557
[1] 0.4755916
[1] 0.5080495
[1] 0.4983199
[1] 0.481191
[1] 0.4794382
[1] 0.5021655
[1] 0.4886915
[1] 0.4719184
[1] 0.5135358
[1] 0.5114659
[1] 0.5250449
[1] 0.4974765
[1] 0.5332379
[1] 0.4945393
[1] 0.5216878
[1] 0.4954808
[1] 0.5030316
[1] 0.5553304
[1] 0.5592367
[1] 0.5908119
[1] 0.4949415
[1] 0.4964776
[1] 0.6017693
[1] 0.5509549
[1] 0.4828402
[1] 0.4939665
[1] 0.4653224
[1] 0.5143573
[1] 0.4826807
[1] 0.4713872
[1] 0.4936367
[1] 0.4953717
[1] 0.5046234
[1] 0.5717456
[1] 0.5093811
[1] 0.5356202
[1] 0.4999038
[1] 0.5213165
[1] 0.5028773
[1] 0.4897477
[1] 0.5094244
[1] 0.4859922
[1] 0.5108465
[1] 0.4874344
[1] 0.4952182
[1] 0.5489149
[1] 0.5644627
[1] 0.4984141
[1] 0.4726403
[1] 0.5019141
[1] 0.5513343
[1] 0.6282363
[1] 0.5529366
[1] 0.6103793
[1] 0.5455238
[1] 0.5295163
[1] 0.4831314
[1] 0.5306812
[1] 0.6113703
[1] 0.4675184
[1] 0.5730614
[1] 0.6244852
[1] 0.5531234
[1] 0.4981419
[1] 0.4878424
[1] 0.5092119
[1] 0.513365
[1] 0.6383965
[1] 0.4983708
[1] 0.4928208
[1] 0.6489609
[1] 0.5206237
[1] 0.496787
[1] 0.5018968
[1] 0.4873581
[1] 0.4787965
[1] 0.4726268
[1] 0.5253383
[1] 0.4843289
[1] 0.4805461
[1] 0.562532
[1] 0.4946076
[1] 0.489678
[1] 0.5721219
[1] 0.475548
[1] 0.4593533
[1] 0.5387584
[1] 0.5045723
[1] 0.4991594
[1] 0.5115198
[1] 0.4700057
[1] 0.4694242
[1] 0.4807574
[1] 0.4751727
[1] 0.5282044
[1] 0.5199793
[1] 0.4681111
[1] 0.5522422
[1] 0.5021743
[1] 0.4923431
[1] 0.4697242
[1] 0.4869966
[1] 0.4635218
[1] 0.4860022
[1] 0.5184593
[1] 0.488342
[1] 0.6157031
[1] 0.5530304
[1] 0.4902117
[1] 0.5207077
[1] 0.5796264
[1] 0.5566055
[1] 0.6315101
[1] 0.4920581
[1] 0.5478165
[1] 0.5132498
[1] 0.4748684
[1] 0.4998468
[1] 0.4798777
[1] 0.4868048
[1] 0.5086509
[1] 0.5026725
[1] 0.4593944
[1] 0.4792966
[1] 0.491542
[1] 0.4656001
[1] 0.4744012
[1] 0.5065355
[1] 0.4945184
[1] 0.4940197
[1] 0.4562103
[1] 0.5099367
[1] 0.5008248
[1] 0.563533
[1] 0.5638001
[1] 0.4951239
[1] 0.6388776
[1] 0.61682
[1] 0.4780317
[1] 0.5976518
[1] 0.5049294
[1] 0.4612434
[1] 0.5746702
[1] 0.5472483
[1] 0.5299075
[1] 0.4987401
[1] 0.5405958
[1] 0.5900523
[1] 0.5392717
[1] 0.4705427
[1] 0.4888829
[1] 0.4695168
[1] 0.4777057
[1] 0.474201
[1] 0.6434965
[1] 0.4908722
[1] 0.4811303
[1] 0.511951
[1] 0.5879117
[1] 0.4853853
[1] 0.5405709
[1] 0.5097994
[1] 0.5304128
[1] 0.5076228
[1] 0.4665476
[1] 0.5260038
[1] 0.5589998
[1] 0.4677267
[1] 0.6363415
[1] 0.4741159
[1] 0.5299117
[1] 0.5274551
[1] 0.4752715
[1] 0.5007203
[1] 0.4654576
[1] 0.5055154
[1] 0.5462474
[1] 0.5293893
[1] 0.4860655
[1] 0.4645358
[1] 0.5592773
[1] 0.5219598
[1] 0.5105563
[1] 0.5473329
[1] 0.4726462
[1] 0.5284042
[1] 0.5453841
[1] 0.5107767
[1] 0.4958258
[1] 0.5059494
[1] 0.4920237
[1] 0.5291237
[1] 0.4701758
[1] 0.4917909
[1] 0.4814754
[1] 0.4782593
[1] 0.4794813
[1] 0.4884145
[1] 0.5349836
[1] 0.4713531
[1] 0.4879048
[1] 0.499669
[1] 0.523685
[1] 0.5718055
[1] 0.5504745
[1] 0.4806732
[1] 0.5752507
[1] 0.4695971
[1] 0.4802737
[1] 0.5333007
[1] 0.5309505
[1] 0.4930215
[1] 0.4889138
[1] 0.4817044
[1] 0.5348004
[1] 0.4897003
[1] 0.5189046
[1] 0.5180841
[1] 0.5085685
[1] 0.4829712
[1] 0.4765158
[1] 0.496303
[1] 0.4610319
[1] 0.4699437
[1] 0.4771461
[1] 0.4718856
[1] 0.5041699
[1] 0.5607853
[1] 0.4674802
[1] 0.5172139
[1] 0.6343751
[1] 0.503773
[1] 0.5219019
[1] 0.5394315
[1] 0.4799802
[1] 0.5320215
[1] 0.4829879
[1] 0.5522202
[1] 0.5665102
[1] 0.463961
[1] 0.5297885
[1] 0.4720378
[1] 0.4849573
[1] 0.4737337
[1] 0.4898681
[1] 0.5731876
[1] 0.4910465
[1] 0.5656888
[1] 0.4795304
[1] 0.4810467
[1] 0.4750849
[1] 0.5150473
[1] 0.5754632
[1] 0.4716949
[1] 0.5129531
[1] 0.4812592
[1] 0.5681157
[1] 0.5018275
[1] 0.4884319
[1] 0.5295788
[1] 0.5896847
[1] 0.4897365
[1] 0.4810742
[1] 0.4962668
[1] 0.5787393
[1] 0.4763945
[1] 0.492802
[1] 0.4890169
[1] 0.5434999
[1] 0.5726729
[1] 0.595287
[1] 0.4894169
[1] 0.5010208
[1] 0.534183
[1] 0.508536
[1] 0.481591
[1] 0.486633
[1] 0.4804431
[1] 0.5992185
[1] 0.5524379
[1] 0.5531358
[1] 0.5161076
[1] 0.469463
[1] 0.5132237
[1] 0.4659051
[1] 0.46862
[1] 0.4713276
[1] 0.5002839
[1] 0.5900413
[1] 0.4816322
[1] 0.4992074
[1] 0.4783687
[1] 0.5193005
[1] 0.5218415
[1] 0.4671104
[1] 0.5015246
[1] 0.5368917
[1] 0.5076763
[1] 0.4867843
[1] 0.4781286
[1] 0.490191
[1] 0.476792
[1] 0.4944047
[1] 0.4722044
[1] 0.4915198
[1] 0.4717268
[1] 0.4710695
[1] 0.4746983
[1] 0.5515534
[1] 0.4880682
[1] 0.4715864
[1] 0.4726341
[1] 0.5101802
[1] 0.4843917
[1] 0.5183819
[1] 0.5148718
[1] 0.4887183
[1] 0.5094309
[1] 0.4853559
[1] 0.5207872
[1] 0.4764161
[1] 0.5538662
[1] 0.4970557
[1] 0.508845
[1] 0.4726581
[1] 0.5078903
[1] 0.4971686
[1] 0.4940398
[1] 0.5061866
[1] 0.5334627
[1] 0.4961844
[1] 0.5017001
[1] 0.5437329
[1] 0.5460068
[1] 0.4741845
[1] 0.4705703
[1] 0.5823929
[1] 0.4819605
[1] 0.5062308
[1] 0.5014567
[1] 0.53279
[1] 0.5174272
[1] 0.4890939
[1] 0.5451874
[1] 0.483255
[1] 0.4893642
[1] 0.4802875
[1] 0.5282067
[1] 0.5950053
[1] 0.527607
[1] 0.485002
[1] 0.4853512
[1] 0.5600219
[1] 0.5122606
[1] 0.4903433
[1] 0.492821
[1] 0.4701364
[1] 0.4905876
[1] 0.4738522
[1] 0.5031168
[1] 0.5042386
[1] 0.4996666
[1] 0.5687331
[1] 0.4908215
[1] 0.558371
[1] 0.6369783
[1] 0.5584136
[1] 0.5226691
[1] 0.492487
[1] 0.5977925
[1] 0.4882823
[1] 0.4713055
[1] 0.4770395
[1] 0.4609206
[1] 0.4769905
[1] 0.4724905
[1] 0.5184548
[1] 0.5595484
[1] 0.484199
[1] 0.4943998
[1] 0.5309294
[1] 0.4853331
[1] 0.4844075
[1] 0.4984441
[1] 0.5024612
[1] 0.5237209
[1] 0.4729589
[1] 0.5887709
[1] 0.4708375
[1] 0.4996956
[1] 0.5031021
[1] 0.5485281
[1] 0.5212133
[1] 0.5868885
[1] 0.5219792
[1] 0.6037298
[1] 0.5562888
[1] 0.479737
[1] 0.4866653
[1] 0.4919059
[1] 0.5070026
[1] 0.5012297
[1] 0.4613107
[1] 0.5600978
[1] 0.4973786
[1] 0.4836234
[1] 0.5020092
[1] 0.4894242
[1] 0.4842088
[1] 0.5655664
[1] 0.5139468
[1] 0.4640493
[1] 0.490175
[1] 0.4521835
[1] 0.4799933
[1] 0.4913042
[1] 0.5667582
[1] 0.4850177
[1] 0.5406689
[1] 0.4784299
[1] 0.4847804
[1] 0.4943876
[1] 0.4704777
[1] 0.5635447
[1] 0.4592994
[1] 0.4793097
[1] 0.4701785
[1] 0.5510817
[1] 0.5405741
[1] 0.4836621
[1] 0.4915113
[1] 0.5205073
[1] 0.5156513
[1] 0.4864238
[1] 0.4967049
[1] 0.5114263
[1] 0.4904169
[1] 0.4838006
[1] 0.5653572
[1] 0.4805174
[1] 0.4901293
[1] 0.5072164
[1] 0.5375797
[1] 0.4839376
[1] 0.5386988
[1] 0.468206
[1] 0.4561395
[1] 0.5004108
[1] 0.5065236
[1] 0.4750926
[1] 0.48941
[1] 0.483335
[1] 0.5959827
[1] 0.5165649
[1] 0.5291372
[1] 0.4951425
[1] 0.4887514
[1] 0.4971117
[1] 0.4624634
[1] 0.4668725
[1] 0.4765467
[1] 0.4811356
[1] 0.4862022
[1] 0.4818178
[1] 0.5042962
[1] 0.4855681
[1] 0.466458
[1] 0.5304116
[1] 0.5594458
[1] 0.4719716
[1] 0.4941965
[1] 0.4886157
[1] 0.5033403
[1] 0.525268
[1] 0.4801714
[1] 0.491841
[1] 0.5110656
[1] 0.4780242
[1] 0.5182899
[1] 0.5052357
[1] 0.4894363
[1] 0.4962505
[1] 0.5044745
[1] 0.4739695
[1] 0.4851738
[1] 0.4883362
[1] 0.5015186
[1] 0.4919537
[1] 0.4930284
[1] 0.4707911
[1] 0.5035239
[1] 0.4763547
[1] 0.4782848
[1] 0.5931278
[1] 0.4785766
[1] 0.5227368
[1] 0.4965424
[1] 0.4872815
[1] 0.4687648
[1] 0.5546063
[1] 0.4842195
[1] 0.5259837
[1] 0.4672535
[1] 0.522095
[1] 0.4824846
[1] 0.5286647
[1] 0.4999556
[1] 0.4754315
[1] 0.4760569
[1] 0.5022152
[1] 0.4826564
[1] 0.4832444
[1] 0.5355746
[1] 0.4685228
[1] 0.5053451
[1] 0.481514
[1] 0.4864214
[1] 0.5028797
[1] 0.4717411
[1] 0.5897863
[1] 0.560495
[1] 0.5646673
[1] 0.4914805
[1] 0.4804696
[1] 0.5525942
[1] 0.4903213
[1] 0.5201933
[1] 0.6146384
[1] 0.5096569
[1] 0.5090477
[1] 0.5229749
[1] 0.4935381
[1] 0.4820711
[1] 0.5444445
[1] 0.5701855
[1] 0.4786006
[1] 0.4936507
[1] 0.4807294
[1] 0.4888236
[1] 0.4783174
[1] 0.6258166
[1] 0.4712562
[1] 0.4692964
[1] 0.6217406
[1] 0.4798481
[1] 0.5395687
[1] 0.4817677
[1] 0.5910772
[1] 0.4956184
[1] 0.4830695
[1] 0.479693
[1] 0.5511076
[1] 0.4853182
[1] 0.5214013
[1] 0.5276975
[1] 0.5076807
[1] 0.4905989
[1] 0.4670271
[1] 0.5781908
[1] 0.4738268
[1] 0.5666657
[1] 0.5125616
[1] 0.568205
[1] 0.4827322
[1] 0.4871358
[1] 0.4743331
[1] 0.4826687
[1] 0.4724323
[1] 0.5014957
[1] 0.469896
[1] 0.5574419
[1] 0.4805222
[1] 0.4842915
[1] 0.5224355
[1] 0.4751686
[1] 0.4888305
[1] 0.4723176
[1] 0.4910135
[1] 0.5215246
[1] 0.4889789
[1] 0.5516468
[1] 0.5093858
[1] 0.5023507
[1] 0.5008639
[1] 0.5020346
[1] 0.5089006
[1] 0.489921
[1] 0.5095645
[1] 0.5315135
[1] 0.5179099
[1] 0.4723971
[1] 0.4874491
[1] 0.4767171
[1] 0.5251571
[1] 0.4888007
[1] 0.5845075
[1] 0.5459034
[1] 0.4595067
[1] 0.4819203
[1] 0.4736087
[1] 0.5685672
[1] 0.4721317
[1] 0.4830072
[1] 0.6025211
[1] 0.4841968
[1] 0.4786827
[1] 0.5764374
[1] 0.503458
[1] 0.5045736
[1] 0.470525
[1] 0.5044351
[1] 0.4809314
[1] 0.4905372
[1] 0.5832099
[1] 0.5665433
[1] 0.5257847
[1] 0.494832
[1] 0.4757575
[1] 0.4976285
[1] 0.4960964
[1] 0.5551967
[1] 0.4748675
[1] 0.4871774
[1] 0.4996978
[1] 0.4800307
[1] 0.5056961
[1] 0.5821931
[1] 0.5677118
[1] 0.5370505
[1] 0.4976248
[1] 0.4762748
[1] 0.4757923
[1] 0.6134713
[1] 0.5445857
[1] 0.6149644
[1] 0.4921348
[1] 0.4863502
[1] 0.5046348
[1] 0.5431061
[1] 0.4892073
[1] 0.4928897
[1] 0.4855968
[1] 0.4697594
[1] 0.4878141
[1] 0.4987799
[1] 0.5729634
[1] 0.5430948
[1] 0.5286463
[1] 0.5323461
[1] 0.5230294
[1] 0.4676236
[1] 0.5538029
[1] 0.4745737
[1] 0.484752
[1] 0.4868307
[1] 0.4883829
[1] 0.4542119
[1] 0.5212114
[1] 0.479462
[1] 0.5075382
[1] 0.4702893
[1] 0.5522743
[1] 0.4761878
[1] 0.5661549
[1] 0.5133477
[1] 0.4929025
[1] 0.4928958
[1] 0.4822277
[1] 0.502807
[1] 0.4921242
[1] 0.4897549
[1] 0.538583
[1] 0.5311241
[1] 0.4750367
[1] 0.4945595
[1] 0.536906
[1] 0.4763695
[1] 0.4722451
[1] 0.4872542
[1] 0.581392
[1] 0.4855047
[1] 0.4999583
[1] 0.4772033
[1] 0.4921219
[1] 0.4465678
[1] 0.474371
[1] 0.4723064
[1] 0.4758687
[1] 0.4697306
[1] 0.4689844
[1] 0.4859386
[1] 0.4837486
[1] 0.5169124
[1] 0.4837443
[1] 0.4664532
[1] 0.5186654
[1] 0.5417124
[1] 0.5080547
[1] 0.4760177
[1] 0.4937709
[1] 0.4703988
[1] 0.5172721
[1] 0.5874021
[1] 0.5085828
[1] 0.4844892
[1] 0.5152429
[1] 0.4792193
[1] 0.5740482
[1] 0.4752006
[1] 0.5227038
[1] 0.5563158
[1] 0.4974598
[1] 0.4900354
[1] 0.4926354
[1] 0.4784647
[1] 0.4877676
[1] 0.5223523
[1] 0.4719709
[1] 0.6170699
[1] 0.4920082
[1] 0.4890828
[1] 0.484016
[1] 0.5542581
[1] 0.4709689
[1] 0.481752
[1] 0.5156371
[1] 0.5804644
[1] 0.4975992
[1] 0.4851354
[1] 0.5496865
[1] 0.555962
[1] 0.4951052
[1] 0.466314
[1] 0.5385594
[1] 0.6147048
[1] 0.571543
[1] 0.5375556
[1] 0.5939394
[1] 0.4803773
[1] 0.4746794
[1] 0.4810826
[1] 0.5110055
[1] 0.4762208
[1] 0.4904987
[1] 0.5346459
[1] 0.5074129
[1] 0.5457891
[1] 0.4929854
[1] 0.5062303
[1] 0.4935322
[1] 0.5113113
[1] 0.5021689
[1] 0.4849017
[1] 0.4867617
[1] 0.5258679
[1] 0.6248827
[1] 0.4730161
[1] 0.4788593
[1] 0.4960295
[1] 0.4679041
[1] 0.5749943
[1] 0.4871674
[1] 0.5373088
[1] 0.5022056
[1] 0.4799127
[1] 0.5064672
[1] 0.5519956
[1] 0.5521044
[1] 0.5694505
[1] 0.483787
[1] 0.467084
[1] 0.4620615
[1] 0.5041519
[1] 0.5892789
[1] 0.4812569
[1] 0.570671
[1] 0.5252675
[1] 0.5106454
[1] 0.5225358
[1] 0.5386082
[1] 0.4769868
[1] 0.4885709
[1] 0.4908188
[1] 0.5321855
[1] 0.5232357
[1] 0.466859
[1] 0.5192505
[1] 0.4737641
[1] 0.5751225
[1] 0.4830006
[1] 0.5510615
[1] 0.4931301
[1] 0.479817
[1] 0.5832425
[1] 0.4873939
[1] 0.5015016
[1] 0.5079459
[1] 0.4851975
[1] 0.607636
[1] 0.4743384
[1] 0.4903487
[1] 0.4761117
[1] 0.4715378
[1] 0.4840928
[1] 0.4708762
[1] 0.4872119
[1] 0.4979688
[1] 0.4728632
[1] 0.5377265
[1] 0.467287
[1] 0.5329943
[1] 0.4849275
[1] 0.5827911
[1] 0.4802332
[1] 0.4844645
[1] 0.467154
[1] 0.4977714
[1] 0.4849522
[1] 0.4917355
[1] 0.5094823
[1] 0.5085895
[1] 0.4930581
[1] 0.5930845
[1] 0.5154878
[1] 0.5414188
[1] 0.4778749
[1] 0.543522
[1] 0.4662309
[1] 0.5021892
[1] 0.4877348
[1] 0.5077734
[1] 0.5229261
[1] 0.5250004
[1] 0.4848994
[1] 0.4784818
[1] 0.4787554
[1] 0.4761474
[1] 0.5584713
[1] 0.605745
[1] 0.4668023
[1] 0.5072123
[1] 0.5481953
[1] 0.5283571
[1] 0.4941762
[1] 0.4781834
[1] 0.4955855
[1] 0.5527297
[1] 0.4767463
[1] 0.514819
[1] 0.5284581
[1] 0.4740516
[1] 0.56863
[1] 0.5388017
[1] 0.5732391
[1] 0.6268714
[1] 0.578881
[1] 0.4824309
[1] 0.4861647
[1] 0.6468407
[1] 0.4786438
[1] 0.4854248
[1] 0.508954
[1] 0.4828655
[1] 0.4833327
[1] 0.5032337
[1] 0.5620347
[1] 0.4845131
[1] 0.5671175
[1] 0.5824644
[1] 0.5632201
[1] 0.4967391
[1] 0.5194811
[1] 0.5826692
[1] 0.4947052
[1] 0.4771337
[1] 0.4731741
[1] 0.5645756
[1] 0.5394205
[1] 0.4948655
[1] 0.4969935
[1] 0.4823449
[1] 0.5485825
[1] 0.4787656
[1] 0.4922726
[1] 0.4663573
[1] 0.6337635
[1] 0.4844385
[1] 0.536753
[1] 0.5305856
[1] 0.5143539
[1] 0.4810106
[1] 0.504856
[1] 0.5259018
[1] 0.4896286
[1] 0.4777126
[1] 0.4724998
[1] 0.4819079
[1] 0.5242383
[1] 0.5087763
[1] 0.5939646
[1] 0.4948033
[1] 0.4849379
[1] 0.5370613
[1] 0.4831762
[1] 0.4838116
[1] 0.4719442
[1] 0.5846869
[1] 0.487951
[1] 0.5341711
[1] 0.5621227
[1] 0.4695001
[1] 0.5587738
[1] 0.4974431
[1] 0.521305
[1] 0.4698955
[1] 0.6190719
[1] 0.5341532
[1] 0.4794929
[1] 0.5442065
[1] 0.4870862
[1] 0.4733345
[1] 0.5208723
[1] 0.4827055
[1] 0.584682
[1] 0.5335514
[1] 0.5052371
[1] 0.5591869
[1] 0.4703306
[1] 0.5636129
[1] 0.5046744
[1] 0.4980807
[1] 0.4827202
[1] 0.5374544
[1] 0.4889213
[1] 0.5989566
[1] 0.4865062
[1] 0.5462418
[1] 0.4649349
[1] 0.4765794
[1] 0.5189211
[1] 0.4865968
[1] 0.4984976
[1] 0.4987059
[1] 0.5738462
[1] 0.5056842
[1] 0.4833152
[1] 0.4763189
[1] 0.4818467
[1] 0.4626329
[1] 0.5857023
[1] 0.5081003
[1] 0.5008495
[1] 0.4778981
[1] 0.4734474
[1] 0.5659047
[1] 0.4862207
[1] 0.479243
[1] 0.4744856
[1] 0.4722357
[1] 0.4797811
[1] 0.4914239
[1] 0.4666014
[1] 0.5959342
[1] 0.4805053
[1] 0.5149668
[1] 0.4937453
[1] 0.5841883
[1] 0.5090167
[1] 0.4944036
[1] 0.4731411
[1] 0.5573155
[1] 0.488389
[1] 0.5556991
[1] 0.493586
[1] 0.4809161
[1] 0.5675586
[1] 0.5481935
[1] 0.5168727
[1] 0.4792439
[1] 0.4764667
[1] 0.4739316
[1] 0.4932589
[1] 0.5708528
[1] 0.4861189
[1] 0.4916234
[1] 0.6081405
[1] 0.4942362
[1] 0.6093925
[1] 0.4855792
[1] 0.529984
[1] 0.6067772
[1] 0.4762366
[1] 0.5238207
[1] 0.5267622
[1] 0.4890547
[1] 0.4743365
[1] 0.4926798
[1] 0.5944963
[1] 0.4977614
[1] 0.5956339
[1] 0.5209449
[1] 0.5020771
[1] 0.4776507
[1] 0.6213876
[1] 0.4926671
[1] 0.5062256
[1] 0.4767321
[1] 0.4752227
[1] 0.4872801
[1] 0.4943185
[1] 0.6248942
[1] 0.482662
[1] 0.6222106
[1] 0.4949367
[1] 0.4964753
[1] 0.4911598
[1] 0.5131827
[1] 0.4969461
[1] 0.4863769
[1] 0.4939036
[1] 0.5685113
[1] 0.5140582
[1] 0.5273178
[1] 0.5776712
[1] 0.5634579
[1] 0.5426225
[1] 0.4795306
[1] 0.5877433
[1] 0.5515507
[1] 0.4706002
[1] 0.4958438
[1] 0.5077837
[1] 0.5447883
[1] 0.4935573
[1] 0.5125983
[1] 0.5436404
[1] 0.543729
[1] 0.475532
[1] 0.5515746
[1] 0.484039
[1] 0.5250116
[1] 0.491883
[1] 0.482208
[1] 0.483299
[1] 0.5678718
[1] 0.4623344
[1] 0.5024201
[1] 0.5677417
[1] 0.5661676
[1] 0.5825191
[1] 0.6180392
[1] 0.5132703
[1] 0.5752753
[1] 0.4713541
[1] 0.4820405
[1] 0.4851424
[1] 0.5622927
[1] 0.6063467
[1] 0.4944136
[1] 0.4726894
[1] 0.508376
[1] 0.4699595
[1] 0.5160811
[1] 0.5570203
[1] 0.4914017
[1] 0.4663594
[1] 0.4854826
[1] 0.5441494
[1] 0.4959836
[1] 0.5093755
[1] 0.5095386
[1] 0.4984074
[1] 0.5546258
[1] 0.5502312
[1] 0.4805531
[1] 0.5008958
[1] 0.4924939
[1] 0.5330226
[1] 0.4594153
[1] 0.4862691
[1] 0.4852657
[1] 0.4762111
[1] 0.4903636
[1] 0.4748079
[1] 0.4807924
[1] 0.4766596
[1] 0.5094272
[1] 0.470252
[1] 0.4944089
[1] 0.477326
[1] 0.4459243
[1] 0.4900323
[1] 0.5049364
[1] 0.4875221
[1] 0.5635783
[1] 0.6310449
[1] 0.5242514
[1] 0.4874623
[1] 0.4728611
[1] 0.4653821
[1] 0.5013052
[1] 0.5721565
[1] 0.5814441
[1] 0.4852509
[1] 0.5086563
[1] 0.5050201
[1] 0.5012198
[1] 0.4866661
[1] 0.5432833
[1] 0.5241476
[1] 0.4912682
[1] 0.475341
[1] 0.5284417
[1] 0.4867942
[1] 0.4688815
[1] 0.4723924
[1] 0.6538461
[1] 0.5045382
[1] 0.4631492
[1] 0.4874473
[1] 0.4739905
[1] 0.5582917
[1] 0.5834608
[1] 0.6076041
[1] 0.5567969
[1] 0.4932889
[1] 0.4787636
[1] 0.4758163
[1] 0.4922064
[1] 0.4631546
[1] 0.5321903
[1] 0.5324027
[1] 0.4744367
[1] 0.5436339
[1] 0.4784623
[1] 0.5146119
[1] 0.4904227
[1] 0.5052554
[1] 0.5564881
[1] 0.4788743
[1] 0.5097148
[1] 0.5257707
[1] 0.4843523
[1] 0.5061425
[1] 0.4763923
[1] 0.5101714
[1] 0.4749176
[1] 0.4780831
[1] 0.5425585
[1] 0.4858294
[1] 0.4902026
[1] 0.5252332
[1] 0.4955652
[1] 0.4835691
[1] 0.5233323
[1] 0.5038582
[1] 0.4952222
[1] 0.4881889
[1] 0.4971811
[1] 0.4864203
[1] 0.5259143
[1] 0.474633
[1] 0.5652269
[1] 0.5025
[1] 0.4933666
[1] 0.4814406
[1] 0.5510198
[1] 0.4771869
[1] 0.5105301
[1] 0.4841549
[1] 0.6314588
[1] 0.497957
[1] 0.5260046
[1] 0.5508365
[1] 0.5382031
[1] 0.487339
[1] 0.5239179
[1] 0.550503
[1] 0.4797149
[1] 0.6182633
[1] 0.490464
[1] 0.4901849
[1] 0.4758916
[1] 0.4744139
[1] 0.4831343
[1] 0.5037922
[1] 0.5304799
[1] 0.5658523
[1] 0.4862156
[1] 0.4909257
[1] 0.4823654
[1] 0.6085517
[1] 0.4981221
[1] 0.5757807
[1] 0.4892134
[1] 0.4821675
[1] 0.4819838
[1] 0.5049058
[1] 0.5716234
[1] 0.4684311
[1] 0.5297136
[1] 0.5025131
[1] 0.4839229
[1] 0.5144011
[1] 0.5866616
[1] 0.5258394
[1] 0.4692328
[1] 0.4638705
[1] 0.570614
[1] 0.5445306
[1] 0.5823214
[1] 0.6368216
[1] 0.5363195
[1] 0.4643788
[1] 0.4795722
[1] 0.4860195
[1] 0.592432
[1] 0.5049941
[1] 0.4852688
[1] 0.5098157
[1] 0.5048324
[1] 0.479229
[1] 0.5017237
[1] 0.5149449
[1] 0.4789968
[1] 0.5536955
[1] 0.4865543
[1] 0.4811526
[1] 0.5218188
[1] 0.5571306
[1] 0.5473288
[1] 0.4820207
[1] 0.485406
[1] 0.4898751
[1] 0.4744672
[1] 0.4799504
[1] 0.4842983
[1] 0.6255491
[1] 0.5820172
[1] 0.4999924
[1] 0.5466404
[1] 0.5715659
[1] 0.5377399
[1] 0.5613283
[1] 0.534785
[1] 0.4781268
[1] 0.5698149
[1] 0.4687278
[1] 0.4927142
[1] 0.4851704
[1] 0.5330858
[1] 0.4563385
[1] 0.5306892
[1] 0.5670672
[1] 0.5415058
[1] 0.631479
[1] 0.5535006
[1] 0.5612043
[1] 0.5060476
[1] 0.4979387
[1] 0.5395739
[1] 0.5786547
[1] 0.5453013
[1] 0.4849821
[1] 0.4999388
[1] 0.5045125
[1] 0.4859387
[1] 0.5251394
[1] 0.480642
[1] 0.4929397
[1] 0.5265792
[1] 0.561839
[1] 0.4812845
[1] 0.4757586
[1] 0.4836826
[1] 0.5083082
[1] 0.4810775
[1] 0.4931347
[1] 0.4853368
[1] 0.4743487
[1] 0.4986887
[1] 0.4800748
[1] 0.4910353
[1] 0.5093567
[1] 0.4948905
[1] 0.4924367
[1] 0.6085848
[1] 0.5105424
[1] 0.5011969
[1] 0.4581761
[1] 0.5361972
[1] 0.5155535
[1] 0.5348373
[1] 0.5035009
[1] 0.4873416
[1] 0.5186346
[1] 0.487069
[1] 0.5413889
[1] 0.5639462
[1] 0.6219341
[1] 0.4984192
[1] 0.4840122
[1] 0.489281
[1] 0.5098505
[1] 0.5669875
[1] 0.4859096
[1] 0.5160975
[1] 0.5004814
[1] 0.5383615
[1] 0.4907142
[1] 0.5447777
[1] 0.5012971
[1] 0.5035751
[1] 0.5677808
[1] 0.4883674
[1] 0.4774135
[1] 0.4600647
[1] 0.4762388
[1] 0.489645
[1] 0.5249157
[1] 0.5234194
[1] 0.5229204
[1] 0.4939114
[1] 0.4888828
[1] 0.4863676
[1] 0.4773125
[1] 0.4767555
[1] 0.4579827
[1] 0.5360919
[1] 0.4692114
[1] 0.4816064
[1] 0.5049016
[1] 0.5308994
[1] 0.474921
[1] 0.5019147
[1] 0.6255358
[1] 0.4673807
[1] 0.532741
[1] 0.5874429
[1] 0.4541317
[1] 0.4571344
[1] 0.5704636
[1] 0.5127783
[1] 0.4837419
[1] 0.5052644
[1] 0.4884931
[1] 0.4755111
[1] 0.4798412
[1] 0.4773968
[1] 0.4600036
[1] 0.5910859
[1] 0.6163889
[1] 0.4789845
[1] 0.4809445
[1] 0.5525221
[1] 0.4844578
[1] 0.5028786
[1] 0.5010266
[1] 0.4823877
[1] 0.5197461
[1] 0.5320949
[1] 0.4883806
[1] 0.4784153
[1] 0.5643832
[1] 0.5415191
[1] 0.528433
[1] 0.5023871
[1] 0.5314971
[1] 0.5139509
[1] 0.6114705
[1] 0.4967817
[1] 0.5346357
[1] 0.4748308
[1] 0.5129435
[1] 0.5237975
[1] 0.4661217
[1] 0.486073
[1] 0.4683662
[1] 0.523919
[1] 0.4794585
[1] 0.4947572
[1] 0.5004679
[1] 0.5244193
[1] 0.451951
[1] 0.4924695
[1] 0.5071111
[1] 0.4805396
[1] 0.4891242
[1] 0.5388458
[1] 0.4916233
[1] 0.5245544
[1] 0.4782772
[1] 0.4859163
[1] 0.499731
[1] 0.5419171
[1] 0.5407113
[1] 0.5345714
[1] 0.4820812
[1] 0.4815951
[1] 0.4712715
[1] 0.4882647
[1] 0.5038895
[1] 0.5981389
[1] 0.6048708
[1] 0.541414
[1] 0.5392308
[1] 0.6082454
[1] 0.4822978
[1] 0.5406603
[1] 0.4842776
[1] 0.5416016
[1] 0.5506273
[1] 0.5019302
[1] 0.5193977
[1] 0.4983183
[1] 0.558072
[1] 0.4779058
[1] 0.5488516
[1] 0.5127666
[1] 0.5203245
[1] 0.5272035
[1] 0.5819526
[1] 0.6174114
[1] 0.4994083
[1] 0.4871833
[1] 0.4884428
[1] 0.502171
[1] 0.5580589
[1] 0.6238188
[1] 0.5029315
[1] 0.4673254
[1] 0.4829009
[1] 0.4693409
[1] 0.5742407
[1] 0.5702005
[1] 0.4741999
[1] 0.5241279
[1] 0.550475
[1] 0.4841347
[1] 0.5335433
[1] 0.4840815
[1] 0.5630178
[1] 0.4940259
[1] 0.4813545
[1] 0.5577943
[1] 0.4843912
[1] 0.477265
[1] 0.6597343
[1] 0.5056541
[1] 0.4902149
[1] 0.571566
[1] 0.5776472
[1] 0.5691036
[1] 0.4739899
[1] 0.5672023
[1] 0.5834148
[1] 0.5774312
[1] 0.4908288
[1] 0.5265274
[1] 0.4960354
[1] 0.5598939
[1] 0.5502497
[1] 0.4934761
[1] 0.4759192
[1] 0.5029409
[1] 0.479966
[1] 0.4972856
[1] 0.5067997
[1] 0.622073
[1] 0.4873317
[1] 0.5576897
[1] 0.5742173
[1] 0.4926255
[1] 0.5512699
[1] 0.4815907
[1] 0.4733204
[1] 0.5028899
[1] 0.4949073
[1] 0.5237547
[1] 0.5013786
[1] 0.4616204
[1] 0.4775702
[1] 0.51918
[1] 0.5061237
[1] 0.4835602
[1] 0.5254456
[1] 0.4945073
[1] 0.4953001
[1] 0.5840562
[1] 0.5054981
[1] 0.4804846
[1] 0.4831089
[1] 0.6510123
[1] 0.6381895
[1] 0.5467491
[1] 0.4906871
[1] 0.549726
[1] 0.5490032
[1] 0.4877491
[1] 0.4937951
[1] 0.5059315
[1] 0.4949364
[1] 0.4813074
[1] 0.544724
[1] 0.4937072
[1] 0.5968572
[1] 0.4813448
[1] 0.519084
[1] 0.5169273
[1] 0.4999325
[1] 0.5472371
[1] 0.5014143
[1] 0.5551961
[1] 0.4832707
[1] 0.5284047
[1] 0.6202376
[1] 0.4886889
[1] 0.4925092
[1] 0.479839
[1] 0.4921761
[1] 0.4837942
[1] 0.4961425
[1] 0.4717102
[1] 0.5530557
[1] 0.5494997
[1] 0.5019681
[1] 0.4787136
[1] 0.4581135
[1] 0.480117
[1] 0.4918022
[1] 0.4977298
[1] 0.5083996
[1] 0.5732881
[1] 0.5106488
[1] 0.5042048
[1] 0.5824418
[1] 0.480516
[1] 0.4860802
[1] 0.4809182
[1] 0.5090347
[1] 0.4876744
[1] 0.5222888
[1] 0.6092637
[1] 0.5075575
[1] 0.5454578
[1] 0.5411808
[1] 0.4876771
[1] 0.5444986
[1] 0.5135774
[1] 0.4742744
[1] 0.4937112
[1] 0.5057788
[1] 0.4691863
[1] 0.5169125
[1] 0.4904606
[1] 0.4937628
[1] 0.4916295
[1] 0.5255126
[1] 0.475268
[1] 0.5045954
[1] 0.500297
[1] 0.5111758
[1] 0.4872459
[1] 0.5217857
[1] 0.5387771
[1] 0.4922343
[1] 0.4828938
[1] 0.4813717
[1] 0.5094795
[1] 0.6316476
[1] 0.5345245
[1] 0.5118247
[1] 0.4921332
[1] 0.503733
[1] 0.5126075
[1] 0.5453079
[1] 0.4912114
[1] 0.4790206
[1] 0.4746705
[1] 0.4875416
[1] 0.4798915
[1] 0.5828393
[1] 0.5028655
[1] 0.489427
[1] 0.5139145
[1] 0.4924303
[1] 0.4883373
[1] 0.4747225
[1] 0.5202885
[1] 0.5452976
[1] 0.4912126
[1] 0.5033812
[1] 0.4776463
[1] 0.4901086
[1] 0.4751094
[1] 0.4757338
[1] 0.5064657
[1] 0.552906
[1] 0.5131358
[1] 0.4984205
[1] 0.4993516
[1] 0.5641533
[1] 0.4989144
[1] 0.5180533
[1] 0.5160677
[1] 0.5292765
[1] 0.5337789
[1] 0.4733954
[1] 0.5367813
[1] 0.4633278
[1] 0.5543465
[1] 0.4809969
[1] 0.5026465
[1] 0.4666668
[1] 0.5944459
[1] 0.5223711
[1] 0.5393231
[1] 0.4725737
[1] 0.5631221
[1] 0.6387641
[1] 0.5248883
[1] 0.5286522
[1] 0.4917002
[1] 0.5637094
[1] 0.4904332
[1] 0.4702821
[1] 0.5339607
[1] 0.4899525
[1] 0.487291
[1] 0.6290827
[1] 0.4731259
[1] 0.484154
[1] 0.4834345
[1] 0.5256281
[1] 0.545461
[1] 0.5267009
[1] 0.5519502
[1] 0.4745706
[1] 0.5255769
[1] 0.494623
[1] 0.513413
[1] 0.4942745
[1] 0.4890196
[1] 0.5072942
[1] 0.4653304
[1] 0.5339533
[1] 0.4916546
[1] 0.4899902
[1] 0.4791669
[1] 0.4932287
[1] 0.4900835
[1] 0.5855629
[1] 0.4928809
[1] 0.5298733
[1] 0.5003039
[1] 0.4847282
[1] 0.5454544
[1] 0.5260039
[1] 0.5567605
[1] 0.5010752
[1] 0.5687703
[1] 0.4905175
[1] 0.6281602
[1] 0.563651
[1] 0.5812556
[1] 0.4891031
[1] 0.4984799
[1] 0.5301635
[1] 0.5460268
[1] 0.5428457
[1] 0.5361387
[1] 0.4655675
[1] 0.4788393
[1] 0.4898565
[1] 0.5555211
[1] 0.5345129
[1] 0.6062506
[1] 0.4725013
[1] 0.6107782
[1] 0.5409774
[1] 0.4625086
[1] 0.5205908
[1] 0.5920393
[1] 0.4968535
[1] 0.47352
[1] 0.4943015
[1] 0.4841921
[1] 0.5357112
[1] 0.4785005
[1] 0.5296304
[1] 0.5088022
[1] 0.5049013
[1] 0.4863824
[1] 0.6076674
[1] 0.5874827
[1] 0.5131143
[1] 0.4806592
[1] 0.4995089
[1] 0.5859176
[1] 0.4883824
[1] 0.5471149
[1] 0.4940591
[1] 0.6604281
[1] 0.4961662
[1] 0.4953996
[1] 0.5416475
[1] 0.4701228
[1] 0.51882
[1] 0.5168956
[1] 0.4818386
[1] 0.4676009
[1] 0.5012159
[1] 0.5605764
[1] 0.5239351
[1] 0.4967683
[1] 0.5519953
[1] 0.5346614
[1] 0.6169656
[1] 0.5533229
[1] 0.4764317
[1] 0.4926123
[1] 0.5051321
[1] 0.4776433
[1] 0.4739644
[1] 0.5951483
[1] 0.5793395
[1] 0.564933
[1] 0.5491299
[1] 0.4879634
[1] 0.4860389
[1] 0.4760539
[1] 0.6108315
[1] 0.4821111
[1] 0.5012346
[1] 0.5011515
[1] 0.5299264
[1] 0.4910018
[1] 0.4858254
[1] 0.4855639
[1] 0.4821941
[1] 0.4854934
[1] 0.5243939
[1] 0.5321777
[1] 0.4891653
[1] 0.5024575
[1] 0.4865287
[1] 0.4641475
[1] 0.5218774
[1] 0.4922202
[1] 0.5434133
[1] 0.6216231
[1] 0.4981633
[1] 0.6049355
[1] 0.561709
[1] 0.4765097
[1] 0.4661105
[1] 0.4851599
[1] 0.5719736
[1] 0.4842021
[1] 0.4824151
[1] 0.5430757
[1] 0.6565192
[1] 0.4952721
[1] 0.5429013
[1] 0.4831792
[1] 0.4803469
[1] 0.5057532
[1] 0.6021579
[1] 0.5138212
[1] 0.4986417
[1] 0.4793617
[1] 0.4747518
[1] 0.515657
[1] 0.5127166
[1] 0.4674339
[1] 0.5529946
[1] 0.5192067
[1] 0.5837485
[1] 0.5951314
[1] 0.4815414
[1] 0.4661382
[1] 0.6190002
[1] 0.5376253
[1] 0.4929114
[1] 0.4769389
[1] 0.5023357
[1] 0.537315
[1] 0.5967497
[1] 0.4891548
[1] 0.5299066
[1] 0.5010295
[1] 0.5771916
[1] 0.5047311
[1] 0.4801671
[1] 0.5603071
[1] 0.5688912
[1] 0.4972185
[1] 0.4919458
[1] 0.5655025
[1] 0.4958811
[1] 0.5223324
[1] 0.6476272
[1] 0.5116481
[1] 0.4697592
[1] 0.4920365
[1] 0.4868885
[1] 0.4814274
[1] 0.5186438
[1] 0.492454
[1] 0.596061
[1] 0.505079
[1] 0.5047163
[1] 0.6058771
[1] 0.5403858
[1] 0.494662
[1] 0.5770371
[1] 0.479376
[1] 0.4967289
[1] 0.4952616
[1] 0.4589622
[1] 0.4661702
[1] 0.50768
[1] 0.4648145
[1] 0.5171063
[1] 0.5402352
[1] 0.4948166
[1] 0.4856016
[1] 0.4929021
[1] 0.5169241
[1] 0.4997653
[1] 0.5182187
[1] 0.503501
[1] 0.4912912
[1] 0.5918073
[1] 0.5370963
[1] 0.498452
[1] 0.5099805
[1] 0.4800398
[1] 0.5434581
[1] 0.4808517
[1] 0.5624136
[1] 0.480423
[1] 0.4800804
[1] 0.5439146
[1] 0.4852936
[1] 0.4641778
[1] 0.4797217
[1] 0.4739564
[1] 0.4990152
[1] 0.4994507
[1] 0.519527
[1] 0.5172095
[1] 0.5465081
[1] 0.4948064
[1] 0.5743722
[1] 0.5404121
[1] 0.5299832
[1] 0.4850788
[1] 0.5570754
[1] 0.5500473
[1] 0.5013019
[1] 0.5340485
[1] 0.4922371
[1] 0.4739608
[1] 0.4962549
[1] 0.5923224
[1] 0.5177963
[1] 0.4819955
[1] 0.5258493
[1] 0.4784249
[1] 0.4771058
[1] 0.468409
[1] 0.5060321
[1] 0.5227338
[1] 0.4811687
[1] 0.5691515
[1] 0.5198757
[1] 0.4886293
[1] 0.5411492
[1] 0.4723465
[1] 0.5303216
[1] 0.5354187
[1] 0.4878557
[1] 0.5086575
[1] 0.5675471
[1] 0.4926971
[1] 0.4890309
[1] 0.5146421
[1] 0.488056
[1] 0.4826325
[1] 0.5047492
[1] 0.577982
[1] 0.4862185
[1] 0.5113293
[1] 0.5067203
[1] 0.5949278
[1] 0.4933985
[1] 0.5034572
[1] 0.5012301
[1] 0.4901511
[1] 0.4665234
[1] 0.4930792
[1] 0.4773286
[1] 0.5613346
[1] 0.5086714
[1] 0.4840677
[1] 0.4763724
[1] 0.4789009
[1] 0.4984377
[1] 0.5103861
[1] 0.4703145
[1] 0.4976592
[1] 0.5740368
[1] 0.5273166
[1] 0.5085647
[1] 0.5756371
[1] 0.4904268
[1] 0.5646734
[1] 0.543702
[1] 0.4748808
[1] 0.5767358
[1] 0.4786181
[1] 0.5180576
[1] 0.5048923
[1] 0.5164539
[1] 0.4796619
[1] 0.4832676
[1] 0.5192467
[1] 0.5009288
[1] 0.4673206
[1] 0.5836277
[1] 0.5529463
[1] 0.480722
[1] 0.4905262
[1] 0.5014916
[1] 0.5659564
[1] 0.4779385
[1] 0.4990967
[1] 0.4758755
[1] 0.5914637
[1] 0.5038332
[1] 0.4974609
[1] 0.5110789
[1] 0.5020843
[1] 0.4888607
[1] 0.4869859
[1] 0.5756969
[1] 0.481692
[1] 0.487296
[1] 0.4653324
[1] 0.4570459
[1] 0.4829246
[1] 0.5368969
[1] 0.5497838
[1] 0.5547738
[1] 0.4831257
[1] 0.4751765
[1] 0.4923997
[1] 0.5974358
[1] 0.5015889
[1] 0.5987509
[1] 0.4897301
[1] 0.6081141
[1] 0.5459712
[1] 0.6393199
[1] 0.4993013
[1] 0.4830209
[1] 0.4930886
[1] 0.4682973
[1] 0.4751532
[1] 0.5173291
[1] 0.497877
[1] 0.4962081
[1] 0.5743071
[1] 0.5118794
[1] 0.5132252
[1] 0.4950107
[1] 0.6070886
[1] 0.4834929
[1] 0.4805327
[1] 0.5177104
[1] 0.4890971
[1] 0.5075918
[1] 0.48829
[1] 0.5020229
[1] 0.5698481
[1] 0.5021531
[1] 0.5398573
[1] 0.511254
[1] 0.4961485
[1] 0.5690427
[1] 0.476246
[1] 0.491352
[1] 0.4748071
[1] 0.5153851
[1] 0.5319321
[1] 0.4781879
[1] 0.4634168
[1] 0.5076778
[1] 0.5180423
[1] 0.4715505
[1] 0.5081548
[1] 0.4652443
[1] 0.4889815
[1] 0.4989382
[1] 0.5169251
[1] 0.4841967
[1] 0.4990121
[1] 0.5757586
[1] 0.4872973
[1] 0.4746087
[1] 0.5219367
[1] 0.477642
[1] 0.4863251
[1] 0.5115231
[1] 0.5004467
[1] 0.5084032
[1] 0.4634674
[1] 0.4922202
[1] 0.5002962
[1] 0.4717412
[1] 0.5169474
[1] 0.482503
[1] 0.5123444
[1] 0.5157042
[1] 0.5156768
[1] 0.4857752
[1] 0.4722021
[1] 0.6077868
[1] 0.5581277
[1] 0.4955468
[1] 0.5040637
[1] 0.5084022
[1] 0.467231
[1] 0.5050242
[1] 0.4863831
[1] 0.5546544
[1] 0.5309849
[1] 0.495614
[1] 0.5167269
[1] 0.5069785
[1] 0.5040327
[1] 0.5031429
[1] 0.5089044
[1] 0.4671213
[1] 0.4966053
[1] 0.4699134
[1] 0.4965554
[1] 0.4749643
[1] 0.482744
[1] 0.5013572
[1] 0.5073522
[1] 0.4894921
[1] 0.532035
[1] 0.5013909
[1] 0.4925188
[1] 0.5000808
[1] 0.4747363
[1] 0.4835861
[1] 0.4842484
[1] 0.4840814
[1] 0.4834649
[1] 0.4906972
[1] 0.470994
[1] 0.5012027
[1] 0.4818264
[1] 0.5174112
[1] 0.5037488
[1] 0.5132194
[1] 0.4828271
[1] 0.4856618
[1] 0.4667066
[1] 0.4795712
[1] 0.472725
[1] 0.4954418
[1] 0.4798041
[1] 0.5310259
[1] 0.603587
[1] 0.4884805
[1] 0.4850853
[1] 0.4942173
[1] 0.5156221
[1] 0.5192503
[1] 0.5120062
[1] 0.4900264
[1] 0.4886628
[1] 0.5088522
[1] 0.5210437
[1] 0.4825603
[1] 0.4828096
[1] 0.5623752
[1] 0.4771914
[1] 0.5001608
[1] 0.4836227
[1] 0.5702492
[1] 0.4451976
[1] 0.4795936
[1] 0.5109282
[1] 0.4734317
[1] 0.5226259
[1] 0.5233376
[1] 0.5376353
[1] 0.5020066
[1] 0.4866723
[1] 0.5430731
[1] 0.5328884
[1] 0.6251691
[1] 0.4758793
[1] 0.5877776
[1] 0.5775738
[1] 0.4860391
[1] 0.4863424
[1] 0.5367984
[1] 0.4977812
[1] 0.490959
[1] 0.503717
[1] 0.5389941
[1] 0.4908422
[1] 0.4893116
[1] 0.4750591
[1] 0.558884
[1] 0.5321969
[1] 0.4786296
[1] 0.4811855
[1] 0.4850835
[1] 0.487597
[1] 0.4764053
[1] 0.5340643
[1] 0.4757555
[1] 0.5120211
[1] 0.4699818
[1] 0.5054254
[1] 0.6044149
[1] 0.6022135
[1] 0.4871744
[1] 0.4776296
[1] 0.4866478
[1] 0.4860341
[1] 0.4701358
[1] 0.5821452
[1] 0.4896324
[1] 0.5619078
[1] 0.4868036
[1] 0.4913319
[1] 0.5465625
[1] 0.4921201
[1] 0.5551757
[1] 0.548449
[1] 0.5200111
[1] 0.479116
[1] 0.4861557
[1] 0.4979732
[1] 0.4913664
[1] 0.5393797
[1] 0.503159
[1] 0.5644255
[1] 0.4840835
[1] 0.5591868
[1] 0.5449907
[1] 0.4901764
[1] 0.5241226
[1] 0.577217
[1] 0.4841057
[1] 0.5935334
[1] 0.4866026
[1] 0.4878195
[1] 0.502417
[1] 0.472221
[1] 0.582249
[1] 0.4761138
[1] 0.6061907
[1] 0.4743395
[1] 0.5012997
[1] 0.5587746
[1] 0.5175026
[1] 0.5014223
[1] 0.5124917
[1] 0.5337019
[1] 0.4923441
[1] 0.526354
[1] 0.532922
[1] 0.5259327
[1] 0.5238839
[1] 0.4664155
[1] 0.6149969
[1] 0.4888834
[1] 0.4851371
[1] 0.4866644
[1] 0.4743679
[1] 0.5231057
[1] 0.4947066
[1] 0.4849004
[1] 0.5222695
[1] 0.4733026
[1] 0.5004165
[1] 0.4944988
[1] 0.536523
[1] 0.5395247
[1] 0.5632655
[1] 0.4909446
[1] 0.5198212
[1] 0.5489412
[1] 0.5229583
[1] 0.5042408
[1] 0.494163
[1] 0.4988408
[1] 0.5273027
[1] 0.5553377
[1] 0.4868847
[1] 0.5002754
[1] 0.4801716
[1] 0.615559
[1] 0.4674202
[1] 0.4984553
[1] 0.4850925
[1] 0.5011664
[1] 0.4712512
[1] 0.4857257
[1] 0.4861023
[1] 0.4845786
[1] 0.5230279
[1] 0.4857186
[1] 0.4859923
[1] 0.4926032
[1] 0.4809587
[1] 0.4866051
[1] 0.5007
[1] 0.5693253
[1] 0.4770016
[1] 0.6072255
[1] 0.5251424
[1] 0.5791464
[1] 0.4817474
[1] 0.5218502
[1] 0.5004593
[1] 0.4540342
[1] 0.5043588
[1] 0.515984
[1] 0.4972858
[1] 0.4642187
[1] 0.5282543
[1] 0.5386151
[1] 0.4978115
[1] 0.4896826
[1] 0.5160839
[1] 0.48268
[1] 0.4700117
[1] 0.5380802
[1] 0.4714473
[1] 0.4956475
[1] 0.5074647
[1] 0.5136255
[1] 0.5103344
[1] 0.5017804
[1] 0.5197273
[1] 0.4869317
[1] 0.460215
[1] 0.5176085
[1] 0.4762786
[1] 0.5053317
[1] 0.4885493
[1] 0.5192929
[1] 0.523274
[1] 0.4801813
[1] 0.505092
[1] 0.4957635
[1] 0.4864684
[1] 0.4758712
[1] 0.5097281
[1] 0.5327778
[1] 0.5278849
[1] 0.5156393
[1] 0.523959
[1] 0.5314961
[1] 0.4898315
[1] 0.4898466
[1] 0.5795981
[1] 0.5854135
[1] 0.4770066
[1] 0.4732229
[1] 0.5438428
[1] 0.4779954
[1] 0.493542
[1] 0.492055
[1] 0.473522
[1] 0.4637207
[1] 0.4945462
[1] 0.4891675
[1] 0.4749423
[1] 0.5182026
[1] 0.4892822
[1] 0.4767715
[1] 0.5034001
[1] 0.5434274
[1] 0.466398
[1] 0.4951584
[1] 0.5256602
[1] 0.483292
[1] 0.553647
[1] 0.5133793
